2	0.643
3	0.566
4	0.545
5	0.580
6	0.537
7	0.563
8	0.515
9	0.522
10	0.506
11	0.482
12	0.475
13	0.500
14	0.465
15	0.432
16	0.446
17	0.416
18	0.413
19	0.420
20	0.412
21	0.380
22	0.406
23	0.393
24	0.353
25	0.359
26	0.382
27	0.338
28	0.337
29	0.331
30	0.323
31	0.330
32	0.327
33	0.309
34	0.323
35	0.278
36	0.295
37	0.309
38	0.308
39	0.305
40	0.292
41	0.265
42	0.271
43	0.280
44	0.276
45	0.250
46	0.236
47	0.211
48	0.220
49	0.252
50	0.212
51	0.191
52	0.198
53	0.177
54	0.196
55	0.216
56	0.197
57	0.221
58	0.232
59	0.180
60	0.176
61	0.215
62	0.191
63	0.170
64	0.178
65	0.170
66	0.194
67	0.192
68	0.166
69	0.173
70	0.143
71	0.152
72	0.153
73	0.151
74	0.123
75	0.188
76	0.183
77	0.156
78	0.131
79	0.182
80	0.109
81	0.135
82	0.140
83	0.106
84	0.118
85	0.135
86	0.108
87	0.123
88	0.165
89	0.171
90	0.109
91	0.146
92	0.161
93	0.125
94	0.119
95	0.126
96	0.143
97	0.195
98	0.161
99	0.106
100	0.150
101	0.100
102	0.115
103	0.155
104	0.182
105	0.136
106	0.120
107	0.124
108	0.144
109	0.128
110	0.178
111	0.142
112	0.176
113	0.109
114	0.130
115	0.127
116	0.118
117	0.138
118	0.085
119	0.153
120	0.148
121	0.133
122	0.110
123	0.152
124	0.106
125	0.112
126	0.121
127	0.142
128	0.090
129	0.138
130	0.122
131	0.085
132	0.134
133	0.104
134	0.092
135	0.142
136	0.120
137	0.139
138	0.134
139	0.093
140	0.094
141	0.115
142	0.137
143	0.134
144	0.072
145	0.128
146	0.070
147	0.095
148	0.139
149	0.059
150	0.095
151	0.156
152	0.145
153	0.097
154	0.122
155	0.088
156	0.101
157	0.082
158	0.096
159	0.091
160	0.096
161	0.117
162	0.113
163	0.102
164	0.148
165	0.073
166	0.119
167	0.143
168	0.100
169	0.119
170	0.132
171	0.091
172	0.123
173	0.110
174	0.094
175	0.111
176	0.096
177	0.094
178	0.080
179	0.142
180	0.087
181	0.090
182	0.100
183	0.129
184	0.076
185	0.099
186	0.126
187	0.100
188	0.076
189	0.028
190	0.154
191	0.094
192	0.097
193	0.087
194	0.131
195	0.071
196	0.086
197	0.088
198	0.082
199	0.114
200	0.148
201	0.139
202	0.109
203	0.125
204	0.069
205	0.096
206	0.080
207	0.107
208	0.073
209	0.064
210	0.089
211	0.103
212	0.101
213	0.077
214	0.052
215	0.070
216	0.099
217	0.060
218	0.090
219	0.100
220	0.035
221	0.075
222	0.077
223	0.130
224	0.127
225	0.094
226	0.120
227	0.098
228	0.117
229	0.095
230	0.123
231	0.122
232	0.101
233	0.108
234	0.050
235	0.089
236	0.109
237	0.030
238	0.137
239	0.110
240	0.033
241	0.099
242	0.178
243	0.098
244	0.109
245	0.062
246	0.061
247	0.105
248	0.082
249	0.122
250	0.094
251	0.093
252	0.107
253	0.106
254	0.149
255	0.130
256	0.119
257	0.080
258	0.066
259	0.150
260	0.058
261	0.112
262	0.049
263	0.148
264	0.131
265	0.118
266	0.075
267	0.077
268	0.072
269	0.096
270	0.003
271	0.096
272	0.051
273	0.104
274	0.016
275	0.047
276	0.075
277	0.030
278	0.131
279	0.119
280	0.060
281	0.085
282	0.056
283	0.099
284	0.078
285	0.089
286	0.134
287	0.076
288	0.097
289	0.053
290	0.031
291	0.110
292	0.038
293	0.084
294	0.046
295	0.131
296	0.023
297	0.033
298	0.048
299	0.076
300	0.066
301	0.058
302	0.081
303	0.087
304	0.126
305	0.086
306	-0.036
307	0.106
308	0.052
309	0.070
310	0.087
311	0.015
312	0.104
313	0.103
314	0.068
315	0.113
316	0.075
317	0.097
318	0.103
319	0.011
320	0.073
321	0.018
322	0.054
323	0.052
324	0.043
325	0.077
326	0.086
327	0.108
328	0.053
329	0.082
330	0.071
331	0.054
332	0.054
333	0.105
334	0.055
335	0.099
336	0.027
337	0.031
338	0.063
339	0.090
340	0.097
341	0.081
342	0.092
343	0.055
344	0.067
345	0.076
346	0.046
347	0.072
348	0.032
349	0.046
350	0.078
351	0.083
352	0.072
353	0.081
354	0.034
355	0.097
356	0.019
357	0.072
358	0.067
359	0.129
360	0.099
361	0.062
362	0.116
363	0.058
364	0.067
365	0.088
366	0.011
367	0.028
368	0.072
369	0.021
370	0.090
371	0.081
372	0.029
373	0.088
374	0.090
375	0.075
376	0.096
377	0.063
378	0.043
379	0.055
380	0.073
381	0.007
382	0.074
383	0.101
384	0.033
385	0.064
386	0.075
387	0.104
388	0.048
389	0.033
390	0.104
391	0.072
392	0.073
393	0.085
394	0.072
395	0.125
396	0.036
397	0.072
398	0.057
399	0.049
400	0.113
401	0.050
402	0.098
403	0.077
404	0.035
405	0.070
406	0.008
407	0.095
408	0.082
409	0.069
410	0.046
411	0.017
412	0.039
413	0.010
414	0.066
415	0.071
416	0.049
417	0.031
418	-0.008
419	0.025
420	0.111
421	0.042
422	0.033
423	0.058
424	0.087
425	0.060
426	0.063
427	0.078
428	0.045
429	0.040
430	0.035
431	0.079
432	0.028
433	0.075
434	0.026
435	0.035
436	0.021
437	0.036
438	0.059
439	0.116
440	0.019
441	0.052
442	0.075
443	0.084
444	0.026
445	0.041
446	0.074
447	0.037
448	0.005
449	0.156
450	0.073
451	0.077
452	0.044
453	0.038
454	0.027
455	0.082
456	0.073
457	0.123
458	0.082
459	0.063
460	0.096
461	0.051
462	0.044
463	0.028
464	0.077
465	0.103
466	0.042
467	0.108
468	0.073
469	0.076
470	0.057
471	0.097
472	0.056
473	0.067
474	0.078
475	0.052
476	0.074
477	0.006
478	0.052
479	0.104
480	0.079
481	0.077
482	0.092
483	0.040
484	0.080
485	0.002
486	0.149
487	0.078
488	0.056
489	0.006
490	0.069
491	0.105
492	0.044
493	0.121
494	0.003
495	0.057
496	0.050
497	0.108
498	0.093
499	0.030
500	0.078
501	0.041
502	0.098
503	0.111
504	0.045
505	0.062
506	0.121
507	0.056
508	0.056
509	0.060
510	0.040
511	0.079
512	0.079
513	0.056
514	0.050
515	-0.007
516	0.111
517	0.055
518	0.117
519	0.026
520	0.086
521	-0.031
522	0.098
523	0.057
524	0.056
525	0.080
526	0.058
527	0.015
528	0.017
529	0.047
530	0.036
531	0.048
532	-0.008
533	0.059
534	0.051
535	0.084
536	-0.009
537	0.072
538	0.092
539	0.067
540	0.030
541	0.043
542	0.035
543	0.172
544	0.090
545	0.032
546	0.040
547	0.083
548	-0.008
549	0.093
550	0.106
551	0.035
552	0.094
553	0.023
554	0.031
555	0.084
556	-0.016
557	-0.025
558	0.062
559	0.084
560	0.139
561	0.084
562	0.033
563	0.096
564	0.103
565	0.048
566	0.032
567	0.024
568	0.027
569	-0.016
570	0.055
571	0.145
572	0.042
573	0.011
574	0.068
575	0.023
576	0.031
577	0.044
578	0.071
579	0.090
580	0.099
581	0.087
582	-0.033
583	0.049
584	0.051
585	0.045
586	0.063
587	0.080
588	0.099
589	0.031
590	0.035
591	0.073
592	0.031
593	0.040
594	0.071
595	0.091
596	0.037
597	0.034
598	0.072
599	0.113
600	0.032
601	0.076
602	0.096
603	0.057
604	0.023
605	0.072
606	0.046
607	0.060
608	0.042
609	0.031
610	0.070
611	0.012
612	0.095
613	0.009
614	0.022
615	0.111
616	0.007
617	0.019
618	-0.006
619	0.102
620	0.025
621	0.031
622	0.093
623	-0.015
624	0.066
625	0.053
626	0.039
627	0.057
628	0.009
629	-0.042
630	0.086
631	0.087
632	0.064
633	0.064
634	0.075
635	0.059
636	0.047
637	0.033
638	0.057
639	0.080
640	0.117
641	0.046
642	0.061
643	-0.001
644	0.086
645	0.105
646	-0.047
647	0.115
648	0.025
649	0.011
650	0.063
651	0.069
652	0.067
653	0.002
654	0.061
655	0.054
656	0.067
657	0.032
658	0.111
659	0.143
660	-0.008
661	0.039
662	0.053
663	0.074
664	0.136
665	0.008
666	0.002
667	-0.008
668	0.151
669	0.027
670	0.075
671	0.063
672	0.083
673	0.075
674	0.053
675	0.028
676	0.162
677	0.007
678	0.050
679	0.090
680	0.049
681	0.021
682	-0.046
683	0.075
684	0.056
685	0.084
686	0.077
687	0.101
688	0.066
689	0.074
690	0.084
691	0.069
692	0.084
693	0.113
694	0.102
695	0.043
696	-0.028
697	0.094
698	0.020
699	0.052
700	0.065
701	0.054
702	0.120
703	0.087
704	0.078
705	0.107
706	0.099
707	0.068
708	0.052
709	0.083
710	0.059
711	0.039
712	0.139
713	0.043
714	0.015
715	0.060
716	0.026
717	0.091
718	0.074
719	0.024
720	0.058
721	0.033
722	0.125
723	0.095
724	0.033
725	0.087
726	0.060
727	0.075
728	0.101
729	0.071
730	0.096
731	0.091
732	0.019
733	0.081
734	0.012
735	0.090
736	-0.004
737	0.099
738	0.053
739	0.112
740	0.093
741	0.034
742	0.050
743	0.061
744	0.029
745	0.090
746	0.046
747	0.071
748	0.065
749	0.072
750	0.001
751	0.072
752	-0.003
753	0.037
754	0.058
755	0.034
756	-0.012
757	0.024
758	0.050
759	-0.006
760	0.011
761	0.048
762	0.065
763	0.013
764	-0.020
765	0.032
766	0.083
767	0.048
768	0.027
769	0.077
770	-0.036
771	-0.011
772	0.135
773	-0.023
774	0.013
775	0.022
776	0.058
777	0.058
778	0.094
779	0.062
780	0.038
781	0.161
782	0.146
783	0.021
784	0.043
785	0.066
786	0.151
787	0.049
788	0.085
789	0.035
790	0.082
791	0.011
792	0.031
793	0.021
794	-0.004
795	0.147
796	0.024
797	0.110
798	0.076
799	0.034
800	0.046
801	0.049
802	0.045
803	-0.002
804	0.087
805	-0.034
806	0.087
807	0.042
808	0.068
809	0.013
810	0.055
811	0.029
812	0.059
813	0.129
814	0.140
815	0.019
816	0.071
817	0.065
818	0.039
819	0.086
820	0.108
821	0.087
822	0.065
823	0.070
824	0.153
825	0.079
826	0.146
827	0.135
828	0.101
829	0.109
830	0.007
831	0.105
832	0.015
833	0.088
834	0.083
835	0.105
836	0.041
837	0.095
838	0.013
839	0.018
840	0.132
841	0.078
842	0.156
843	0.043
844	0.101
845	0.077
846	0.120
847	0.115
848	0.061
849	0.074
850	0.166
851	0.056
852	0.037
853	-0.033
854	0.056
855	0.016
856	0.047
857	0.075
858	0.033
859	0.031
860	0.127
861	0.009
862	0.021
863	0.016
864	-0.015
865	0.127
866	0.013
867	0.067
868	0.096
869	0.053
870	0.019
871	-0.005
872	0.072
873	-0.043
874	0.033
875	0.141
876	-0.011
877	0.058
878	0.096
879	0.027
880	0.032
881	0.045
882	0.082
883	0.099
884	0.030
885	0.085
886	-0.010
887	0.046
888	0.084
889	0.027
890	0.091
891	0.050
892	0.032
893	-0.022
894	0.153
895	0.169
896	0.018
897	0.169
898	0.074
899	0.013
900	0.055
901	-0.036
902	0.040
903	0.148
904	0.036
905	0.033
906	0.071
907	0.071
908	0.073
909	0.035
910	0.073
911	0.055
912	0.059
913	0.049
914	0.009
915	0.012
916	0.015
917	-0.030
918	0.108
919	0.119
920	-0.093
921	0.012
922	0.066
923	0.151
924	0.021
925	0.034
926	0.054
927	0.010
928	0.099
929	-0.031
930	-0.057
931	-0.007
932	-0.014
933	0.045
934	0.004
935	0.002
936	-0.051
937	0.046
938	0.002
939	0.012
940	0.075
941	0.041
942	0.068
943	0.041
944	-0.026
945	0.108
946	0.063
947	0.113
948	0.088
949	0.005
950	0.030
951	0.043
952	0.021
953	0.038
954	0.101
955	0.105
956	0.065
957	0.016
958	0.067
959	0.069
960	0.103
961	0.002
962	-0.020
963	0.025
964	-0.010
965	0.023
966	0.043
967	0.059
968	0.053
969	0.058
970	0.050
971	0.080
972	-0.008
973	0.091
974	0.038
975	0.144
976	0.022
977	0.029
978	0.004
979	0.072
980	0.035
981	0.062
982	0.006
983	-0.002
984	0.098
985	-0.009
986	0.011
987	0.073
988	0.027
989	0.067
990	0.029
991	-0.009
992	-0.030
993	0.072
994	-0.035
995	0.061
996	0.073
997	0.036
998	0.039
999	-0.016
1000	0.043
1001	0.002
1002	0.014
1003	-0.078
