2	0.583
3	0.543
4	0.513
5	0.534
6	0.514
7	0.509
8	0.494
9	0.493
10	0.475
11	0.457
12	0.450
13	0.445
14	0.412
15	0.418
16	0.413
17	0.389
18	0.385
19	0.364
20	0.361
21	0.362
22	0.343
23	0.324
24	0.323
25	0.319
26	0.315
27	0.288
28	0.297
29	0.277
30	0.282
31	0.268
32	0.263
33	0.260
34	0.241
35	0.260
36	0.237
37	0.243
38	0.229
39	0.235
40	0.226
41	0.212
42	0.206
43	0.201
44	0.205
45	0.192
46	0.208
47	0.165
48	0.165
49	0.184
50	0.165
51	0.150
52	0.157
53	0.147
54	0.149
55	0.154
56	0.149
57	0.140
58	0.145
59	0.139
60	0.148
61	0.140
62	0.116
63	0.121
64	0.119
65	0.124
66	0.110
67	0.107
68	0.114
69	0.110
70	0.103
71	0.122
72	0.098
73	0.089
74	0.103
75	0.108
76	0.098
77	0.105
78	0.093
79	0.107
80	0.102
81	0.088
82	0.107
83	0.097
84	0.107
85	0.092
86	0.096
87	0.074
88	0.104
89	0.078
90	0.087
91	0.087
92	0.084
93	0.090
94	0.096
95	0.093
96	0.077
97	0.070
98	0.091
99	0.087
100	0.081
101	0.099
102	0.080
103	0.086
104	0.077
105	0.103
106	0.079
107	0.085
108	0.072
109	0.090
110	0.086
111	0.095
112	0.067
113	0.072
114	0.086
115	0.071
116	0.087
117	0.073
118	0.097
119	0.052
120	0.062
121	0.098
122	0.080
123	0.073
124	0.091
125	0.099
126	0.066
127	0.091
128	0.069
129	0.063
130	0.080
131	0.098
132	0.076
133	0.060
134	0.096
135	0.078
136	0.087
137	0.075
138	0.076
139	0.059
140	0.074
141	0.077
142	0.099
143	0.063
144	0.070
145	0.089
146	0.055
147	0.081
148	0.068
149	0.085
150	0.063
151	0.073
152	0.069
153	0.066
154	0.064
155	0.061
156	0.067
157	0.076
158	0.082
159	0.070
160	0.089
161	0.068
162	0.053
163	0.085
164	0.066
165	0.075
166	0.064
167	0.061
168	0.057
169	0.071
170	0.077
171	0.042
172	0.056
173	0.072
174	0.063
175	0.079
176	0.061
177	0.059
178	0.064
179	0.069
180	0.064
181	0.052
182	0.057
183	0.063
184	0.043
185	0.055
186	0.063
187	0.054
188	0.057
189	0.061
190	0.063
191	0.045
192	0.066
193	0.076
194	0.063
195	0.051
196	0.069
197	0.051
198	0.069
199	0.066
200	0.059
201	0.070
202	0.034
203	0.052
204	0.055
205	0.054
206	0.064
207	0.066
208	0.052
209	0.062
210	0.050
211	0.071
212	0.044
213	0.050
214	0.069
215	0.042
216	0.036
217	0.051
218	0.063
219	0.068
220	0.048
221	0.060
222	0.059
223	0.065
224	0.068
225	0.078
226	0.033
227	0.050
228	0.056
229	0.062
230	0.035
231	0.029
232	0.066
233	0.067
234	0.045
235	0.058
236	0.041
237	0.048
238	0.044
239	0.070
240	0.065
241	0.058
242	0.051
243	0.063
244	0.057
245	0.056
246	0.041
247	0.045
248	0.053
249	0.064
250	0.050
251	0.064
252	0.051
253	0.050
254	0.038
255	0.059
256	0.026
257	0.062
258	0.051
259	0.046
260	0.037
261	0.040
262	0.050
263	0.052
264	0.029
265	0.059
266	0.026
267	0.052
268	0.054
269	0.077
270	0.051
271	0.029
272	0.034
273	0.022
274	0.040
275	0.057
276	0.061
277	0.057
278	0.054
279	0.040
280	0.034
281	0.048
282	0.071
283	0.067
284	0.052
285	0.040
286	0.032
287	0.026
288	0.055
289	0.066
290	0.037
291	0.043
292	0.042
293	0.063
294	0.053
295	0.056
296	0.032
297	0.047
298	0.038
299	0.043
300	0.037
301	0.051
302	0.049
303	0.056
304	0.042
305	0.051
306	0.062
307	0.065
308	0.042
309	0.047
310	0.043
311	0.038
312	0.025
313	0.037
314	0.053
315	0.035
316	0.051
317	0.057
318	0.022
319	0.041
320	0.038
321	0.038
322	0.043
323	0.035
324	0.060
325	0.050
326	0.042
327	0.032
328	0.060
329	0.025
330	0.046
331	0.035
332	0.056
333	0.045
334	0.036
335	0.056
336	0.045
337	0.035
338	0.048
339	0.060
340	0.056
341	0.042
342	0.055
343	0.056
344	0.047
345	0.025
346	0.063
347	0.052
348	0.031
349	0.037
350	0.040
351	0.056
352	0.038
353	0.034
354	0.048
355	0.033
356	0.042
357	0.056
358	0.048
359	0.067
360	0.054
361	0.029
362	0.056
363	0.050
364	0.041
365	0.048
366	0.056
367	0.041
368	0.036
369	0.027
370	0.032
371	0.041
372	0.030
373	0.031
374	0.036
375	0.050
376	0.037
377	0.034
378	0.039
379	0.027
380	0.040
381	0.038
382	0.054
383	0.037
384	0.038
385	0.048
386	0.035
387	0.037
388	0.047
389	0.023
390	0.048
391	0.041
392	0.044
393	0.031
394	0.012
395	0.025
396	0.030
397	0.046
398	0.050
399	0.049
400	0.037
401	0.032
402	0.037
403	0.022
404	0.064
405	0.060
406	0.045
407	0.035
408	0.036
409	0.036
410	0.051
411	0.025
412	0.034
413	0.035
414	0.042
415	0.061
416	0.026
417	0.033
418	0.040
419	0.017
420	0.043
421	0.048
422	0.038
423	0.035
424	0.038
425	0.053
426	0.043
427	0.021
428	0.074
429	0.042
430	0.037
431	0.061
432	0.047
433	0.067
434	0.010
435	0.024
436	0.035
437	0.028
438	0.035
439	0.061
440	0.038
441	0.063
442	0.042
443	0.035
444	0.033
445	0.044
446	0.028
447	0.051
448	0.049
449	0.040
450	0.063
451	0.038
452	0.035
453	0.055
454	0.033
455	0.035
456	0.026
457	0.020
458	0.058
459	0.062
460	0.047
461	0.024
462	0.042
463	0.042
464	0.045
465	0.025
466	0.043
467	0.041
468	0.031
469	0.028
470	0.031
471	0.051
472	0.032
473	0.042
474	0.055
475	0.038
476	0.052
477	0.041
478	0.018
479	0.036
480	0.042
481	0.047
482	0.038
483	0.044
484	0.038
485	0.045
486	0.033
487	0.051
488	0.041
489	0.047
490	0.047
491	0.044
492	0.064
493	0.031
494	0.037
495	0.016
496	0.037
497	0.052
498	0.051
499	0.060
500	0.049
501	0.050
502	0.054
503	0.053
504	0.049
505	0.045
506	0.031
507	0.031
508	0.050
509	0.047
510	0.028
511	0.041
512	0.028
513	0.040
514	0.035
515	0.038
516	0.055
517	0.042
518	0.034
519	0.024
520	0.027
521	0.022
522	0.033
523	0.034
524	0.043
525	0.024
526	0.014
527	0.055
528	0.055
529	0.034
530	0.032
531	0.031
532	0.045
533	0.031
534	0.059
535	0.040
536	0.035
537	0.032
538	0.026
539	0.060
540	0.042
541	0.061
542	0.024
543	0.052
544	0.042
545	0.044
546	0.043
547	0.059
548	0.034
549	0.033
550	0.034
551	0.046
552	0.037
553	0.044
554	0.018
555	0.018
556	0.030
557	0.025
558	0.054
559	0.016
560	0.032
561	0.022
562	0.048
563	0.069
564	0.050
565	0.021
566	0.037
567	0.034
568	0.056
569	0.035
570	0.045
571	0.043
572	0.005
573	0.033
574	0.032
575	0.039
576	0.027
577	0.051
578	0.033
579	0.044
580	0.038
581	0.010
582	0.028
583	0.051
584	0.051
585	0.044
586	0.050
587	0.020
588	0.025
589	0.039
590	0.039
591	0.039
592	0.051
593	0.039
594	0.081
595	0.010
596	0.057
597	0.029
598	0.030
599	0.036
600	0.052
601	0.050
602	0.049
603	0.068
604	0.058
605	0.016
606	0.045
607	0.034
608	0.045
609	0.039
610	0.031
611	0.048
612	0.027
613	0.012
614	0.059
615	0.045
616	0.044
617	0.048
618	0.041
619	0.031
620	0.056
621	0.034
622	0.045
623	0.036
624	0.058
625	0.016
626	0.029
627	0.033
628	0.043
629	0.040
630	0.043
631	0.021
632	0.040
633	0.043
634	0.054
635	0.035
636	0.026
637	0.027
638	0.044
639	0.021
640	0.061
641	0.051
642	0.052
643	0.033
644	0.014
645	0.045
646	0.034
647	0.054
648	0.040
649	0.040
650	0.032
651	0.022
652	-0.001
653	0.049
654	0.037
655	0.014
656	0.036
657	0.048
658	0.049
659	0.040
660	0.046
661	0.038
662	0.040
663	0.028
664	0.014
665	0.043
666	0.063
667	0.055
668	0.047
669	0.053
670	0.038
671	0.053
672	0.036
673	0.029
674	0.028
675	0.043
676	0.024
677	0.021
678	0.046
679	0.056
680	0.046
681	0.053
682	0.052
683	0.048
684	0.062
685	0.022
686	0.031
687	0.036
688	0.029
689	0.032
690	0.033
691	0.059
692	0.040
693	0.019
694	0.045
695	0.040
696	0.028
697	0.011
698	-0.005
699	0.043
700	0.015
701	0.056
702	0.031
703	0.022
704	0.019
705	0.019
706	0.030
707	0.030
708	0.034
709	0.049
710	0.051
711	0.041
712	0.039
713	0.050
714	0.030
715	0.016
716	0.022
717	0.027
718	0.045
719	0.012
720	0.026
721	0.052
722	0.062
723	0.041
724	0.041
725	0.035
726	0.029
727	0.046
728	0.050
729	0.066
730	0.016
731	0.042
732	0.029
733	0.061
734	0.028
735	0.003
736	0.031
737	0.027
738	0.055
739	0.031
740	0.028
741	0.042
742	0.034
743	0.040
744	0.057
745	0.040
746	0.043
747	0.007
748	0.026
749	0.045
750	0.032
751	0.034
752	0.021
753	0.039
754	0.024
755	0.029
756	0.026
757	0.027
758	0.017
759	0.042
760	0.045
761	0.046
762	0.038
763	0.026
764	0.059
765	0.031
766	0.024
767	0.050
768	0.028
769	0.016
770	0.010
771	0.028
772	0.026
773	0.027
774	0.027
775	0.035
776	0.025
777	0.041
778	0.026
779	0.043
780	0.037
781	0.020
782	0.054
783	0.029
784	0.040
785	0.005
786	0.019
787	0.056
788	0.029
789	0.029
790	0.039
791	0.033
792	0.041
793	0.027
794	0.031
795	0.009
796	0.039
797	0.043
798	0.035
799	0.038
800	0.044
801	0.037
802	0.038
803	0.022
804	-0.001
805	0.048
806	0.033
807	0.023
808	0.027
809	0.035
810	0.057
811	0.009
812	0.026
813	0.027
814	0.022
815	0.034
816	0.029
817	0.024
818	0.045
819	0.041
820	0.048
821	0.025
822	0.023
823	0.022
824	0.035
825	0.031
826	0.031
827	0.023
828	-0.010
829	0.037
830	0.039
831	0.038
832	0.020
833	0.039
834	0.052
835	0.039
836	0.034
837	0.022
838	0.047
839	0.034
840	0.026
841	0.044
842	0.037
843	0.032
844	0.038
845	0.031
846	0.037
847	0.004
848	0.015
849	0.021
850	0.040
851	0.035
852	0.032
853	0.057
854	0.056
855	0.047
856	0.043
857	0.026
858	0.038
859	0.048
860	0.019
861	0.021
862	0.034
863	0.030
864	0.032
865	0.017
866	0.013
867	0.036
868	0.017
869	0.007
870	0.032
871	0.042
872	0.022
873	0.036
874	0.062
875	0.029
876	0.053
877	0.024
878	0.011
879	0.014
880	0.043
881	0.026
882	0.026
883	0.052
884	0.038
885	0.039
886	0.029
887	0.023
888	0.028
889	0.024
890	0.039
891	0.020
892	0.057
893	0.022
894	0.044
895	0.039
896	0.008
897	0.036
898	0.015
899	-0.006
900	0.008
901	0.030
902	0.052
903	0.015
904	0.033
905	0.014
906	0.026
907	0.046
908	0.022
909	0.035
910	0.044
911	0.018
912	0.017
913	0.044
914	0.042
915	0.034
916	0.028
917	0.047
918	0.035
919	0.025
920	0.021
921	0.009
922	0.029
923	0.043
924	0.026
925	0.025
926	0.038
927	0.035
928	0.037
929	0.052
930	0.048
931	0.018
932	0.019
933	0.050
934	0.027
935	0.028
936	0.030
937	0.027
938	0.045
939	0.060
940	0.002
941	0.014
942	0.038
943	0.013
944	0.019
945	0.020
946	0.032
947	0.061
948	0.044
949	0.016
950	0.026
951	0.015
952	0.052
953	0.050
954	0.000
955	0.028
956	0.030
957	0.021
958	0.015
959	0.033
960	0.038
961	-0.001
962	0.040
963	0.017
964	0.005
965	0.068
966	0.034
967	0.030
968	0.021
969	0.019
970	0.019
971	0.037
972	0.012
973	0.030
974	0.025
975	0.034
976	0.050
977	0.018
978	0.026
979	0.007
980	0.024
981	0.026
982	0.033
983	0.047
984	0.007
985	0.046
986	-0.009
987	0.011
988	0.044
989	0.029
990	0.020
991	0.025
992	0.024
993	0.011
994	0.041
995	0.015
996	0.035
997	0.057
998	0.023
999	0.021
1000	0.002
1001	0.009
1002	0.042
1003	0.032
