2	0.596
3	0.552
4	0.543
5	0.543
6	0.537
7	0.515
8	0.515
9	0.490
10	0.477
11	0.470
12	0.464
13	0.435
14	0.433
15	0.436
16	0.398
17	0.396
18	0.388
19	0.386
20	0.359
21	0.348
22	0.354
23	0.337
24	0.309
25	0.302
26	0.321
27	0.305
28	0.292
29	0.288
30	0.283
31	0.272
32	0.271
33	0.253
34	0.256
35	0.241
36	0.235
37	0.212
38	0.229
39	0.200
40	0.218
41	0.213
42	0.171
43	0.198
44	0.207
45	0.187
46	0.190
47	0.175
48	0.166
49	0.180
50	0.175
51	0.144
52	0.160
53	0.144
54	0.142
55	0.138
56	0.125
57	0.135
58	0.142
59	0.137
60	0.121
61	0.127
62	0.123
63	0.101
64	0.114
65	0.112
66	0.117
67	0.086
68	0.099
69	0.094
70	0.104
71	0.108
72	0.078
73	0.106
74	0.106
75	0.092
76	0.086
77	0.080
78	0.098
79	0.086
80	0.069
81	0.058
82	0.076
83	0.066
84	0.075
85	0.095
86	0.049
87	0.052
88	0.078
89	0.058
90	0.060
91	0.066
92	0.074
93	0.079
94	0.066
95	0.071
96	0.086
97	0.098
98	0.059
99	0.050
100	0.072
101	0.070
102	0.089
103	0.072
104	0.094
105	0.074
106	0.079
107	0.076
108	0.062
109	0.079
110	0.064
111	0.054
112	0.078
113	0.085
114	0.063
115	0.072
116	0.052
117	0.051
118	0.053
119	0.091
120	0.057
121	0.079
122	0.074
123	0.065
124	0.065
125	0.042
126	0.069
127	0.071
128	0.072
129	0.063
130	0.065
131	0.070
132	0.063
133	0.070
134	0.096
135	0.050
136	0.076
137	0.072
138	0.058
139	0.070
140	0.072
141	0.051
142	0.070
143	0.062
144	0.055
145	0.053
146	0.082
147	0.078
148	0.055
149	0.066
150	0.062
151	0.058
152	0.057
153	0.063
154	0.073
155	0.065
156	0.057
157	0.083
158	0.061
159	0.069
160	0.068
161	0.057
162	0.056
163	0.068
164	0.064
165	0.080
166	0.078
167	0.084
168	0.069
169	0.057
170	0.059
171	0.053
172	0.055
173	0.065
174	0.062
175	0.062
176	0.038
177	0.064
178	0.057
179	0.043
180	0.058
181	0.044
182	0.047
183	0.063
184	0.071
185	0.080
186	0.045
187	0.044
188	0.040
189	0.062
190	0.043
191	0.065
192	0.077
193	0.047
194	0.039
195	0.042
196	0.066
197	0.048
198	0.051
199	0.058
200	0.041
201	0.059
202	0.057
203	0.055
204	0.058
205	0.063
206	0.055
207	0.050
208	0.041
209	0.060
210	0.050
211	0.037
212	0.023
213	0.014
214	0.055
215	0.047
216	0.066
217	0.046
218	0.032
219	0.074
220	0.050
221	0.038
222	0.053
223	0.042
224	0.067
225	0.053
226	0.041
227	0.050
228	0.034
229	0.012
230	0.059
231	0.047
232	0.045
233	0.033
234	0.047
235	0.063
236	0.039
237	0.042
238	0.046
239	0.051
240	0.034
241	0.034
242	0.049
243	0.068
244	0.047
245	0.036
246	0.039
247	0.025
248	0.032
249	0.041
250	0.052
251	0.044
252	0.034
253	0.031
254	0.018
255	0.046
256	0.052
257	0.031
258	0.032
259	0.050
260	0.024
261	0.055
262	0.029
263	0.048
264	0.020
265	0.034
266	0.033
267	0.047
268	0.060
269	0.053
270	0.015
271	0.021
272	0.028
273	0.015
274	0.031
275	0.018
276	0.012
277	0.018
278	0.031
279	-0.002
280	0.010
281	0.033
282	0.019
283	0.035
284	0.037
285	0.023
286	0.017
287	0.006
288	0.012
289	0.025
290	0.016
291	0.024
292	0.023
293	0.023
294	0.027
295	0.011
296	0.031
297	0.028
298	0.029
299	0.033
300	0.018
301	0.025
302	0.026
303	0.035
304	0.028
305	0.027
306	0.011
307	0.026
308	0.034
309	0.016
310	0.010
311	0.033
312	0.032
313	0.028
314	0.023
315	0.002
316	0.022
317	0.008
318	0.056
319	0.003
320	0.032
321	0.024
322	0.006
323	0.017
324	0.036
325	0.030
326	0.037
327	0.012
328	0.037
329	0.031
330	0.014
331	0.016
332	0.003
333	0.011
334	0.026
335	0.015
336	0.030
337	0.022
338	0.015
339	0.004
340	0.040
341	0.005
342	0.018
343	0.013
344	0.006
345	0.020
346	0.057
347	0.020
348	0.010
349	0.010
350	0.041
351	0.029
352	0.021
353	0.018
354	0.027
355	0.038
356	0.018
357	0.019
358	0.022
359	0.008
360	0.016
361	0.019
362	0.022
363	0.007
364	0.031
365	-0.008
366	0.016
367	0.033
368	0.024
369	0.012
370	0.050
371	0.017
372	0.003
373	0.034
374	0.008
375	0.051
376	0.028
377	0.008
378	0.022
379	0.031
380	0.062
381	-0.001
382	-0.001
383	0.008
384	-0.014
385	0.028
386	0.012
387	0.011
388	0.005
389	0.021
390	-0.007
391	0.040
392	0.026
393	0.002
394	0.008
395	0.033
396	0.001
397	0.030
398	0.010
399	0.022
400	0.011
401	0.044
402	0.016
403	0.026
404	0.023
405	0.002
406	-0.004
407	0.015
408	0.020
409	0.019
410	0.011
411	0.031
412	0.024
413	0.031
414	0.011
415	0.013
416	-0.009
417	-0.006
418	-0.006
419	0.007
420	-0.018
421	-0.004
422	0.015
423	0.002
424	-0.026
425	0.023
426	0.005
427	-0.003
428	0.007
429	0.001
430	-0.008
431	0.035
432	0.003
433	0.024
434	-0.008
435	0.024
436	0.036
437	0.001
438	0.029
439	0.003
440	0.022
441	-0.002
442	0.017
443	0.045
444	0.021
445	0.017
446	0.023
447	0.036
448	0.024
449	0.019
450	0.011
451	0.007
452	0.010
453	0.015
454	0.005
455	0.013
456	0.020
457	-0.003
458	-0.008
459	0.059
460	0.028
461	0.037
462	0.025
463	0.005
464	0.009
465	0.010
466	0.012
467	0.013
468	0.035
469	0.013
470	0.039
471	0.019
472	0.042
473	0.002
474	-0.016
475	0.020
476	0.022
477	0.030
478	0.000
479	0.027
480	-0.005
481	0.041
482	0.014
483	0.011
484	0.020
485	-0.012
486	0.036
487	0.011
488	0.016
489	0.008
490	0.029
491	0.004
492	-0.004
493	0.018
494	0.007
495	-0.005
496	0.029
497	0.005
498	0.011
499	0.031
500	0.022
501	0.051
502	0.025
503	0.033
504	0.028
505	0.007
506	-0.008
507	0.027
508	0.029
509	0.037
510	0.002
511	0.007
512	0.043
513	0.035
514	0.031
515	0.029
516	0.034
517	-0.007
518	-0.001
519	0.017
520	0.025
521	0.044
522	0.027
523	-0.003
524	0.037
525	0.049
526	0.006
527	0.015
528	0.012
529	0.020
530	0.028
531	0.009
532	0.039
533	0.036
534	-0.001
535	0.034
536	0.043
537	0.028
538	0.010
539	0.019
540	-0.023
541	0.026
542	0.029
543	0.027
544	0.019
545	0.011
546	0.028
547	0.012
548	0.014
549	0.029
550	0.009
551	0.006
552	0.033
553	-0.004
554	0.026
555	-0.012
556	0.035
557	0.004
558	0.029
559	-0.011
560	0.017
561	0.062
562	-0.015
563	0.019
564	0.025
565	0.043
566	0.024
567	-0.003
568	-0.028
569	0.011
570	0.031
571	0.002
572	-0.001
573	0.034
574	0.035
575	0.018
576	0.002
577	-0.019
578	0.009
579	0.042
580	0.011
581	0.018
582	-0.002
583	0.026
584	0.056
585	0.005
586	0.011
587	0.017
588	0.018
589	0.014
590	0.049
591	0.005
592	0.014
593	0.022
594	0.008
595	-0.021
596	0.018
597	0.003
598	0.028
599	0.044
600	0.017
601	0.022
602	0.014
603	0.029
604	0.012
605	-0.006
606	0.018
607	-0.011
608	0.022
609	0.015
610	0.014
611	0.045
612	0.026
613	0.013
614	0.036
615	0.050
616	0.001
617	0.009
618	0.040
619	-0.003
620	-0.011
621	0.022
622	0.035
623	0.017
624	0.016
625	0.015
626	0.016
627	0.038
628	0.010
629	0.024
630	-0.000
631	0.033
632	-0.006
633	0.026
634	0.012
635	0.009
636	0.007
637	0.009
638	0.041
639	0.020
640	0.018
641	0.015
642	0.025
643	0.029
644	0.039
645	0.004
646	0.009
647	0.031
648	0.036
649	0.002
650	0.033
651	0.014
652	-0.004
653	0.015
654	0.016
655	0.024
656	0.043
657	0.021
658	0.008
659	0.044
660	0.044
661	-0.003
662	0.030
663	0.015
664	0.042
665	0.039
666	0.055
667	0.026
668	0.025
669	0.024
670	0.003
671	-0.004
672	0.014
673	0.041
674	0.037
675	0.031
676	0.040
677	0.022
678	0.012
679	0.040
680	0.017
681	0.031
682	0.043
683	-0.001
684	0.022
685	0.036
686	0.036
687	0.024
688	0.015
689	0.005
690	-0.005
691	0.049
692	0.013
693	0.045
694	0.030
695	0.042
696	0.007
697	0.015
698	0.029
699	0.025
700	0.026
701	0.034
702	0.024
703	0.011
704	0.047
705	0.030
706	0.042
707	0.026
708	0.033
709	0.026
710	-0.001
711	0.022
712	0.032
713	0.018
714	0.020
715	-0.000
716	0.012
717	0.001
718	0.051
719	0.041
720	0.025
721	-0.006
722	0.026
723	0.020
724	0.044
725	0.015
726	0.033
727	0.011
728	0.060
729	0.027
730	0.015
731	0.033
732	0.009
733	0.011
734	0.028
735	0.035
736	0.010
737	0.017
738	0.029
739	0.033
740	0.041
741	0.017
742	0.003
743	0.026
744	0.028
745	0.031
746	0.009
747	0.020
748	0.007
749	-0.006
750	0.035
751	0.010
752	0.048
753	0.038
754	0.012
755	0.014
756	0.017
757	0.050
758	0.021
759	0.004
760	0.009
761	0.028
762	0.032
763	0.037
764	0.006
765	0.013
766	0.028
767	0.026
768	0.009
769	0.061
770	0.022
771	0.034
772	0.057
773	0.027
774	0.065
775	0.016
776	0.031
777	0.043
778	-0.007
779	0.038
780	0.026
781	0.025
782	0.013
783	0.024
784	0.010
785	0.009
786	0.010
787	-0.017
788	0.053
789	0.051
790	0.054
791	0.031
792	0.007
793	0.028
794	-0.002
795	0.013
796	0.032
797	0.013
798	0.022
799	0.023
800	0.026
801	0.030
802	0.054
803	0.011
804	0.021
805	0.025
806	0.034
807	0.009
808	0.005
809	0.025
810	0.025
811	0.023
812	0.025
813	0.023
814	0.021
815	0.049
816	0.052
817	0.036
818	0.030
819	0.041
820	0.019
821	0.028
822	0.027
823	0.041
824	0.033
825	0.050
826	0.014
827	0.012
828	0.020
829	0.057
830	0.018
831	0.022
832	0.026
833	0.026
834	0.032
835	0.027
836	0.031
837	0.035
838	0.033
839	0.017
840	0.008
841	0.035
842	-0.003
843	0.035
844	0.030
845	0.032
846	0.033
847	0.032
848	0.025
849	0.017
850	0.033
851	-0.002
852	0.066
853	0.029
854	0.011
855	0.023
856	-0.007
857	0.002
858	0.056
859	-0.006
860	0.033
861	0.018
862	0.022
863	0.031
864	0.023
865	-0.001
866	0.013
867	0.027
868	0.032
869	0.015
870	0.004
871	0.012
872	0.049
873	0.031
874	0.037
875	0.003
876	0.016
877	0.027
878	0.031
879	0.014
880	0.044
881	0.017
882	0.005
883	0.010
884	0.018
885	0.011
886	0.037
887	0.046
888	0.012
889	0.016
890	0.027
891	0.038
892	0.041
893	0.018
894	0.010
895	0.045
896	0.002
897	0.033
898	0.051
899	0.045
900	-0.005
901	-0.006
902	0.010
903	0.021
904	0.020
905	0.011
906	0.062
907	-0.007
908	0.010
909	0.037
910	0.053
911	0.029
912	-0.006
913	0.043
914	0.023
915	0.018
916	0.000
917	0.048
918	0.014
919	0.031
920	0.002
921	0.018
922	0.026
923	0.016
924	0.017
925	0.014
926	0.024
927	0.018
928	0.024
929	0.034
930	0.025
931	0.003
932	0.028
933	0.004
934	0.058
935	0.011
936	0.007
937	0.011
938	0.031
939	0.028
940	0.024
941	0.023
942	0.005
943	0.021
944	0.019
945	0.046
946	0.025
947	0.012
948	0.006
949	0.037
950	-0.000
951	0.043
952	0.049
953	0.018
954	-0.004
955	0.024
956	0.028
957	0.021
958	0.024
959	0.012
960	0.002
961	-0.005
962	-0.002
963	0.034
964	-0.002
965	0.013
966	0.042
967	0.025
968	0.009
969	0.030
970	0.003
971	0.017
972	0.031
973	0.036
974	-0.005
975	0.010
976	0.003
977	0.050
978	0.032
979	0.029
980	0.021
981	0.014
982	0.002
983	-0.020
984	0.014
985	0.041
986	0.019
987	0.011
988	0.010
989	0.022
990	0.039
991	0.029
992	0.015
993	0.016
994	0.024
995	0.021
996	0.055
997	0.013
998	-0.011
999	0.010
1000	0.025
1001	0.010
1002	0.034
1003	0.004
