2	0.586
3	0.549
4	0.539
5	0.533
6	0.528
7	0.520
8	0.507
9	0.500
10	0.500
11	0.461
12	0.479
13	0.440
14	0.429
15	0.427
16	0.416
17	0.413
18	0.397
19	0.387
20	0.374
21	0.369
22	0.347
23	0.350
24	0.330
25	0.326
26	0.332
27	0.298
28	0.310
29	0.290
30	0.300
31	0.301
32	0.282
33	0.267
34	0.266
35	0.267
36	0.269
37	0.228
38	0.256
39	0.231
40	0.239
41	0.231
42	0.230
43	0.212
44	0.223
45	0.212
46	0.201
47	0.204
48	0.194
49	0.211
50	0.202
51	0.171
52	0.186
53	0.174
54	0.189
55	0.159
56	0.178
57	0.161
58	0.150
59	0.157
60	0.176
61	0.141
62	0.143
63	0.134
64	0.149
65	0.141
66	0.116
67	0.149
68	0.127
69	0.129
70	0.133
71	0.130
72	0.125
73	0.139
74	0.123
75	0.122
76	0.118
77	0.121
78	0.117
79	0.099
80	0.117
81	0.121
82	0.124
83	0.127
84	0.103
85	0.101
86	0.109
87	0.113
88	0.092
89	0.108
90	0.117
91	0.102
92	0.117
93	0.099
94	0.087
95	0.095
96	0.103
97	0.121
98	0.104
99	0.093
100	0.096
101	0.103
102	0.086
103	0.103
104	0.111
105	0.103
106	0.107
107	0.110
108	0.109
109	0.104
110	0.103
111	0.113
112	0.093
113	0.091
114	0.110
115	0.097
116	0.107
117	0.116
118	0.118
119	0.126
120	0.100
121	0.090
122	0.093
123	0.123
124	0.093
125	0.105
126	0.118
127	0.112
128	0.111
129	0.087
130	0.121
131	0.111
132	0.089
133	0.112
134	0.091
135	0.115
136	0.100
137	0.088
138	0.120
139	0.118
140	0.098
141	0.113
142	0.119
143	0.118
144	0.123
145	0.101
146	0.100
147	0.092
148	0.102
149	0.093
150	0.110
151	0.101
152	0.115
153	0.097
154	0.107
155	0.106
156	0.088
157	0.112
158	0.113
159	0.110
160	0.108
161	0.107
162	0.095
163	0.100
164	0.118
165	0.098
166	0.109
167	0.110
168	0.090
169	0.108
170	0.090
171	0.107
172	0.101
173	0.107
174	0.102
175	0.113
176	0.109
177	0.096
178	0.098
179	0.099
180	0.110
181	0.100
182	0.112
183	0.090
184	0.092
185	0.097
186	0.117
187	0.103
188	0.090
189	0.091
190	0.104
191	0.099
192	0.109
193	0.112
194	0.111
195	0.087
196	0.110
197	0.105
198	0.098
199	0.096
200	0.104
201	0.118
202	0.087
203	0.076
204	0.099
205	0.070
206	0.072
207	0.114
208	0.082
209	0.092
210	0.071
211	0.085
212	0.082
213	0.083
214	0.083
215	0.073
216	0.085
217	0.097
218	0.088
219	0.080
220	0.086
221	0.068
222	0.102
223	0.054
224	0.088
225	0.082
226	0.073
227	0.087
228	0.079
229	0.097
230	0.086
231	0.100
232	0.088
233	0.075
234	0.074
235	0.088
236	0.081
237	0.089
238	0.058
239	0.082
240	0.073
241	0.077
242	0.085
243	0.085
244	0.069
245	0.067
246	0.089
247	0.074
248	0.057
249	0.081
250	0.089
251	0.083
252	0.063
253	0.067
254	0.061
255	0.087
256	0.085
257	0.063
258	0.052
259	0.058
260	0.065
261	0.056
262	0.061
263	0.068
264	0.063
265	0.055
266	0.074
267	0.089
268	0.072
269	0.051
270	0.050
271	0.069
272	0.066
273	0.084
274	0.077
275	0.051
276	0.088
277	0.094
278	0.077
279	0.077
280	0.092
281	0.052
282	0.067
283	0.070
284	0.058
285	0.086
286	0.066
287	0.066
288	0.056
289	0.052
290	0.079
291	0.088
292	0.088
293	0.064
294	0.088
295	0.082
296	0.069
297	0.086
298	0.075
299	0.065
300	0.071
301	0.085
302	0.064
303	0.056
304	0.072
305	0.080
306	0.073
307	0.056
308	0.058
309	0.061
310	0.071
311	0.064
312	0.076
313	0.070
314	0.068
315	0.067
316	0.053
317	0.063
318	0.075
319	0.074
320	0.070
321	0.069
322	0.063
323	0.062
324	0.069
325	0.064
326	0.073
327	0.076
328	0.091
329	0.077
330	0.037
331	0.062
332	0.078
333	0.067
334	0.059
335	0.052
336	0.055
337	0.073
338	0.076
339	0.069
340	0.080
341	0.078
342	0.057
343	0.029
344	0.028
345	0.056
346	0.062
347	0.032
348	0.062
349	0.079
350	0.087
351	0.046
352	0.082
353	0.072
354	0.074
355	0.047
356	0.059
357	0.056
358	0.055
359	0.057
360	0.047
361	0.060
362	0.075
363	0.040
364	0.050
365	0.049
366	0.039
367	0.048
368	0.068
369	0.045
370	0.053
371	0.038
372	0.051
373	0.068
374	0.063
375	0.049
376	0.039
377	0.036
378	0.073
379	0.048
380	0.057
381	0.053
382	0.061
383	0.079
384	0.043
385	0.038
386	0.067
387	0.056
388	0.046
389	0.046
390	0.037
391	0.045
392	0.030
393	0.049
394	0.036
395	0.065
396	0.022
397	0.036
398	0.031
399	0.031
400	0.036
401	0.042
402	0.047
403	0.049
404	0.041
405	0.040
406	0.055
407	0.046
408	0.005
409	0.062
410	0.025
411	0.045
412	0.046
413	0.028
414	0.024
415	0.030
416	0.051
417	0.036
418	0.041
419	0.034
420	0.054
421	0.032
422	0.079
423	0.068
424	0.050
425	0.048
426	0.061
427	0.047
428	0.036
429	0.028
430	0.045
431	0.051
432	0.050
433	0.035
434	0.029
435	0.054
436	0.039
437	0.027
438	0.049
439	0.025
440	0.030
441	0.032
442	0.058
443	0.046
444	0.036
445	0.055
446	0.017
447	0.020
448	0.036
449	0.054
450	0.049
451	0.051
452	0.038
453	0.022
454	0.028
455	0.059
456	0.025
457	0.025
458	0.026
459	0.023
460	0.014
461	0.057
462	0.043
463	0.041
464	0.034
465	0.041
466	0.022
467	0.045
468	0.036
469	0.036
470	0.043
471	0.043
472	0.027
473	0.045
474	0.051
475	0.035
476	0.033
477	0.027
478	0.048
479	0.046
480	0.028
481	0.020
482	0.024
483	0.036
484	0.030
485	0.021
486	0.050
487	0.040
488	0.055
489	0.010
490	0.046
491	0.057
492	0.050
493	0.023
494	0.041
495	0.005
496	0.013
497	0.033
498	0.035
499	0.041
500	0.024
501	0.031
502	0.040
503	0.017
504	0.018
505	0.044
506	0.026
507	0.038
508	0.024
509	0.047
510	0.036
511	0.025
512	0.029
513	0.040
514	0.028
515	0.012
516	0.046
517	0.025
518	0.042
519	0.028
520	0.049
521	0.033
522	0.039
523	0.049
524	0.046
525	0.049
526	0.035
527	0.022
528	0.048
529	0.042
530	0.031
531	0.032
532	0.028
533	0.051
534	0.039
535	0.063
536	-0.008
537	0.044
538	0.037
539	0.039
540	0.005
541	0.024
542	0.035
543	0.018
544	0.016
545	-0.005
546	0.016
547	0.025
548	0.032
549	0.005
550	0.024
551	0.035
552	0.034
553	0.032
554	0.024
555	0.046
556	0.029
557	0.035
558	0.008
559	0.085
560	0.036
561	0.034
562	0.027
563	0.024
564	0.045
565	0.046
566	0.034
567	0.030
568	0.037
569	0.020
570	-0.014
571	0.010
572	0.015
573	0.022
574	0.033
575	0.036
576	0.007
577	0.010
578	0.044
579	0.051
580	0.037
581	0.020
582	0.049
583	0.039
584	0.005
585	0.016
586	0.058
587	0.024
588	0.026
589	0.014
590	0.025
591	0.033
592	0.053
593	0.041
594	0.036
595	0.050
596	0.052
597	0.039
598	0.047
599	0.048
600	0.012
601	0.047
602	0.037
603	0.021
604	-0.001
605	0.021
606	0.018
607	0.042
608	0.021
609	0.056
610	0.022
611	0.017
612	0.031
613	0.022
614	0.043
615	0.021
616	0.036
617	0.032
618	0.024
619	0.054
620	0.027
621	0.024
622	0.045
623	0.025
624	0.010
625	0.037
626	0.061
627	0.015
628	0.034
629	0.019
630	0.057
631	0.020
632	0.034
633	0.051
634	0.026
635	0.030
636	0.032
637	0.066
638	0.047
639	0.033
640	0.061
641	0.032
642	0.058
643	0.058
644	0.010
645	0.046
646	0.017
647	0.028
648	0.024
649	0.037
650	0.045
651	0.037
652	0.037
653	-0.003
654	0.030
655	0.041
656	0.017
657	0.043
658	0.006
659	0.023
660	0.052
661	0.040
662	0.056
663	0.041
664	0.050
665	0.043
666	0.045
667	0.040
668	0.023
669	0.023
670	0.044
671	0.057
672	0.040
673	0.044
674	0.043
675	0.039
676	0.025
677	0.053
678	0.030
679	0.048
680	0.027
681	0.063
682	0.054
683	0.015
684	0.021
685	0.044
686	0.041
687	0.030
688	0.041
689	0.033
690	0.031
691	0.041
692	0.063
693	0.020
694	0.059
695	0.031
696	0.035
697	0.027
698	0.044
699	0.011
700	0.026
701	0.035
702	0.042
703	0.041
704	0.024
705	0.032
706	0.058
707	0.045
708	0.050
709	0.009
710	0.034
711	0.083
712	0.029
713	0.050
714	0.040
715	0.061
716	0.038
717	0.037
718	0.014
719	0.049
720	0.045
721	0.037
722	0.048
723	0.067
724	0.019
725	0.016
726	0.049
727	0.038
728	0.015
729	0.046
730	0.039
731	0.050
732	0.035
733	0.041
734	0.046
735	0.029
736	0.052
737	0.059
738	0.050
739	0.013
740	0.039
741	0.053
742	0.028
743	0.044
744	0.005
745	0.041
746	0.045
747	0.032
748	0.067
749	0.032
750	0.034
751	0.058
752	0.058
753	0.061
754	0.035
755	0.062
756	0.037
757	0.048
758	0.045
759	0.057
760	0.042
761	0.042
762	0.024
763	0.075
764	0.049
765	0.013
766	0.052
767	0.045
768	0.049
769	0.075
770	0.049
771	0.063
772	0.053
773	0.056
774	0.069
775	0.048
776	0.048
777	0.042
778	0.034
779	0.077
780	0.033
781	0.054
782	0.024
783	0.087
784	0.055
785	0.060
786	0.056
787	0.050
788	0.036
789	0.052
790	0.045
791	0.052
792	0.071
793	0.061
794	0.042
795	0.033
796	0.034
797	0.064
798	0.058
799	0.063
800	0.058
801	0.061
802	0.077
803	0.029
804	0.040
805	0.018
806	0.064
807	0.047
808	0.022
809	0.071
810	0.044
811	0.071
812	0.047
813	0.059
814	0.052
815	0.067
816	0.035
817	0.075
818	0.053
819	0.043
820	0.045
821	0.036
822	0.073
823	0.066
824	0.068
825	0.044
826	0.076
827	0.049
828	0.057
829	0.043
830	0.053
831	0.047
832	0.053
833	0.064
834	0.085
835	0.039
836	0.040
837	0.058
838	0.053
839	0.055
840	0.042
841	0.044
842	0.050
843	0.041
844	0.038
845	0.055
846	0.048
847	0.063
848	0.055
849	0.069
850	0.050
851	0.071
852	0.064
853	0.062
854	0.037
855	0.052
856	0.030
857	0.056
858	0.037
859	0.053
860	0.046
861	0.019
862	0.051
863	0.029
864	0.059
865	0.056
866	0.036
867	0.041
868	0.042
869	0.047
870	0.077
871	0.075
872	0.055
873	0.024
874	0.058
875	0.062
876	0.094
877	0.105
878	0.069
879	0.079
880	0.090
881	0.011
882	0.061
883	0.071
884	0.033
885	0.070
886	0.082
887	0.078
888	0.072
889	0.031
890	0.063
891	0.044
892	0.087
893	0.072
894	0.061
895	0.062
896	0.077
897	0.045
898	0.054
899	0.066
900	0.056
901	0.072
902	0.042
903	0.044
904	0.046
905	0.075
906	0.067
907	0.121
908	0.028
909	0.059
910	0.069
911	0.042
912	0.066
913	0.072
914	0.072
915	0.071
916	0.079
917	0.063
918	0.103
919	0.090
920	0.050
921	0.038
922	0.059
923	0.057
924	0.072
925	0.097
926	0.022
927	0.067
928	0.067
929	0.080
930	0.039
931	0.079
932	0.069
933	0.074
934	0.060
935	0.062
936	0.071
937	0.063
938	0.069
939	0.056
940	0.064
941	0.068
942	0.095
943	0.075
944	0.061
945	0.050
946	0.025
947	0.081
948	0.078
949	0.050
950	0.055
951	0.072
952	0.080
953	0.063
954	0.052
955	0.074
956	0.082
957	0.072
958	0.075
959	0.055
960	0.057
961	0.078
962	0.077
963	0.051
964	0.084
965	0.077
966	0.062
967	0.059
968	0.061
969	0.043
970	0.039
971	0.047
972	0.087
973	0.063
974	0.064
975	0.079
976	0.056
977	0.058
978	0.039
979	0.083
980	0.041
981	0.076
982	0.045
983	0.068
984	0.067
985	0.064
986	0.066
987	0.050
988	0.051
989	0.093
990	0.082
991	0.057
992	0.065
993	0.033
994	0.082
995	0.076
996	0.079
997	0.062
998	0.065
999	0.039
1000	0.059
1001	0.049
1002	0.058
1003	0.020
