2	0.984
3	0.984
4	0.985
5	0.984
6	0.985
7	0.985
8	0.983
9	0.984
10	0.984
11	0.984
12	0.984
13	0.983
14	0.982
15	0.982
16	0.981
17	0.981
18	0.982
19	0.981
20	0.982
21	0.982
22	0.981
23	0.981
24	0.981
25	0.981
26	0.980
27	0.981
28	0.979
29	0.980
30	0.980
31	0.980
32	0.979
33	0.980
34	0.978
35	0.978
36	0.979
37	0.978
38	0.978
39	0.979
40	0.977
41	0.978
42	0.979
43	0.977
44	0.977
45	0.977
46	0.976
47	0.977
48	0.976
49	0.977
50	0.976
51	0.976
52	0.975
53	0.976
54	0.976
55	0.975
56	0.974
57	0.975
58	0.974
59	0.974
60	0.975
61	0.974
62	0.974
63	0.973
64	0.973
65	0.972
66	0.975
67	0.972
68	0.972
69	0.973
70	0.973
71	0.973
72	0.972
73	0.972
74	0.972
75	0.972
76	0.971
77	0.972
78	0.971
79	0.970
80	0.970
81	0.971
82	0.971
83	0.969
84	0.971
85	0.969
86	0.969
87	0.969
88	0.969
89	0.968
90	0.970
91	0.967
92	0.969
93	0.970
94	0.968
95	0.967
96	0.969
97	0.968
98	0.967
99	0.968
100	0.967
101	0.967
102	0.967
103	0.967
104	0.966
105	0.968
106	0.966
107	0.965
108	0.967
109	0.966
110	0.965
111	0.965
112	0.965
113	0.965
114	0.966
115	0.964
116	0.965
117	0.964
118	0.963
119	0.964
120	0.965
121	0.964
122	0.963
123	0.965
124	0.963
125	0.962
126	0.964
127	0.962
128	0.962
129	0.964
130	0.962
131	0.961
132	0.963
133	0.960
134	0.962
135	0.963
136	0.960
137	0.961
138	0.961
139	0.959
140	0.961
141	0.961
142	0.959
143	0.959
144	0.961
145	0.959
146	0.959
147	0.960
148	0.958
149	0.958
150	0.960
151	0.956
152	0.958
153	0.958
154	0.957
155	0.957
156	0.958
157	0.956
158	0.957
159	0.956
160	0.957
161	0.955
162	0.958
163	0.955
164	0.956
165	0.958
166	0.954
167	0.955
168	0.957
169	0.954
170	0.952
171	0.954
172	0.953
173	0.952
174	0.955
175	0.952
176	0.953
177	0.953
178	0.951
179	0.952
180	0.954
181	0.949
182	0.951
183	0.951
184	0.949
185	0.950
186	0.951
187	0.947
188	0.949
189	0.950
190	0.948
191	0.948
192	0.949
193	0.947
194	0.946
195	0.949
196	0.947
197	0.946
198	0.950
199	0.945
200	0.947
201	0.946
202	0.945
203	0.944
204	0.946
205	0.944
206	0.942
207	0.942
208	0.943
209	0.942
210	0.943
211	0.942
212	0.941
213	0.943
214	0.941
215	0.938
216	0.945
217	0.938
218	0.941
219	0.940
220	0.938
221	0.937
222	0.940
223	0.937
224	0.936
225	0.939
226	0.937
227	0.935
228	0.938
229	0.935
230	0.934
231	0.938
232	0.934
233	0.933
234	0.936
235	0.933
236	0.934
237	0.935
238	0.933
239	0.932
240	0.935
241	0.931
242	0.929
243	0.934
244	0.930
245	0.930
246	0.932
247	0.929
248	0.929
249	0.929
250	0.929
251	0.926
252	0.935
253	0.925
254	0.927
255	0.929
256	0.927
257	0.925
258	0.927
259	0.924
260	0.927
261	0.926
262	0.923
263	0.922
264	0.926
265	0.923
266	0.925
267	0.925
268	0.922
269	0.920
270	0.927
271	0.921
272	0.922
273	0.925
274	0.919
275	0.922
276	0.922
277	0.918
278	0.921
279	0.919
280	0.921
281	0.921
282	0.921
283	0.917
284	0.916
285	0.918
286	0.916
287	0.917
288	0.923
289	0.913
290	0.915
291	0.914
292	0.915
293	0.915
294	0.917
295	0.913
296	0.914
297	0.915
298	0.912
299	0.911
300	0.916
301	0.912
302	0.913
303	0.914
304	0.912
305	0.912
306	0.916
307	0.909
308	0.914
309	0.914
310	0.908
311	0.912
312	0.914
313	0.907
314	0.909
315	0.912
316	0.908
317	0.905
318	0.912
319	0.907
320	0.909
321	0.908
322	0.905
323	0.908
324	0.909
325	0.902
326	0.905
327	0.904
328	0.903
329	0.905
330	0.908
331	0.901
332	0.903
333	0.901
334	0.899
335	0.901
336	0.908
337	0.899
338	0.899
339	0.902
340	0.900
341	0.901
342	0.902
343	0.896
344	0.897
345	0.901
346	0.899
347	0.896
348	0.900
349	0.893
350	0.900
351	0.901
352	0.895
353	0.893
354	0.900
355	0.896
356	0.893
357	0.895
358	0.891
359	0.897
360	0.899
361	0.891
362	0.890
363	0.896
364	0.891
365	0.891
366	0.894
367	0.889
368	0.890
369	0.891
370	0.890
371	0.889
372	0.893
373	0.886
374	0.890
375	0.892
376	0.885
377	0.887
378	0.895
379	0.884
380	0.891
381	0.891
382	0.882
383	0.882
384	0.891
385	0.884
386	0.883
387	0.887
388	0.880
389	0.882
390	0.892
391	0.879
392	0.887
393	0.887
394	0.879
395	0.880
396	0.890
397	0.876
398	0.881
399	0.883
400	0.880
401	0.877
402	0.883
403	0.876
404	0.877
405	0.885
406	0.876
407	0.879
408	0.882
409	0.872
410	0.873
411	0.882
412	0.873
413	0.876
414	0.880
415	0.869
416	0.877
417	0.880
418	0.873
419	0.874
420	0.884
421	0.871
422	0.872
423	0.874
424	0.869
425	0.871
426	0.873
427	0.869
428	0.869
429	0.875
430	0.867
431	0.869
432	0.875
433	0.863
434	0.869
435	0.870
436	0.868
437	0.868
438	0.869
439	0.864
440	0.865
441	0.866
442	0.868
443	0.861
444	0.871
445	0.863
446	0.862
447	0.870
448	0.864
449	0.862
450	0.871
451	0.861
452	0.861
453	0.866
454	0.856
455	0.862
456	0.868
457	0.852
458	0.856
459	0.866
460	0.858
461	0.858
462	0.865
463	0.858
464	0.856
465	0.862
466	0.857
467	0.855
468	0.864
469	0.857
470	0.858
471	0.861
472	0.853
473	0.853
474	0.865
475	0.855
476	0.859
477	0.856
478	0.850
479	0.854
480	0.862
481	0.853
482	0.853
483	0.853
484	0.850
485	0.852
486	0.858
487	0.846
488	0.852
489	0.851
490	0.856
491	0.847
492	0.854
493	0.845
494	0.853
495	0.853
496	0.851
497	0.845
498	0.852
499	0.843
500	0.846
501	0.851
502	0.840
503	0.847
504	0.856
505	0.840
506	0.838
507	0.848
508	0.836
509	0.838
510	0.850
511	0.842
512	0.845
513	0.849
514	0.840
515	0.846
516	0.843
517	0.836
518	0.838
519	0.846
520	0.840
521	0.839
522	0.844
523	0.833
524	0.844
525	0.842
526	0.837
527	0.836
528	0.845
529	0.830
530	0.837
531	0.838
532	0.833
533	0.839
534	0.843
535	0.828
536	0.835
537	0.842
538	0.829
539	0.828
540	0.850
541	0.828
542	0.835
543	0.834
544	0.836
545	0.830
546	0.840
547	0.827
548	0.830
549	0.838
550	0.829
551	0.828
552	0.833
553	0.828
554	0.827
555	0.837
556	0.825
557	0.821
558	0.834
559	0.825
560	0.827
561	0.834
562	0.827
563	0.817
564	0.832
565	0.820
566	0.823
567	0.833
568	0.821
569	0.824
570	0.836
571	0.821
572	0.829
573	0.827
574	0.820
575	0.824
576	0.830
577	0.817
578	0.817
579	0.827
580	0.821
581	0.825
582	0.825
583	0.817
584	0.818
585	0.824
586	0.814
587	0.820
588	0.825
589	0.817
590	0.815
591	0.819
592	0.811
593	0.813
594	0.828
595	0.812
596	0.811
597	0.817
598	0.810
599	0.813
600	0.823
601	0.808
602	0.815
603	0.820
604	0.811
605	0.816
606	0.819
607	0.801
608	0.817
609	0.816
610	0.810
611	0.814
612	0.824
613	0.800
614	0.810
615	0.819
616	0.805
617	0.807
618	0.810
619	0.807
620	0.812
621	0.815
622	0.801
623	0.805
624	0.817
625	0.797
626	0.804
627	0.808
628	0.805
629	0.808
630	0.816
631	0.800
632	0.802
633	0.809
634	0.797
635	0.798
636	0.811
637	0.798
638	0.805
639	0.801
640	0.803
641	0.799
642	0.808
643	0.798
644	0.801
645	0.802
646	0.798
647	0.791
648	0.814
649	0.789
650	0.801
651	0.800
652	0.795
653	0.797
654	0.800
655	0.799
656	0.800
657	0.800
658	0.788
659	0.789
660	0.801
661	0.791
662	0.787
663	0.802
664	0.781
665	0.793
666	0.799
667	0.793
668	0.790
669	0.798
670	0.785
671	0.786
672	0.808
673	0.783
674	0.794
675	0.797
676	0.789
677	0.793
678	0.796
679	0.785
680	0.799
681	0.793
682	0.789
683	0.783
684	0.798
685	0.783
686	0.785
687	0.790
688	0.779
689	0.781
690	0.791
691	0.779
692	0.784
693	0.786
694	0.777
695	0.785
696	0.790
697	0.776
698	0.786
699	0.785
700	0.793
701	0.779
702	0.794
703	0.770
704	0.787
705	0.789
706	0.771
707	0.775
708	0.785
709	0.777
710	0.780
711	0.783
712	0.775
713	0.780
714	0.798
715	0.774
716	0.777
717	0.779
718	0.775
719	0.774
720	0.793
721	0.769
722	0.776
723	0.777
724	0.773
725	0.777
726	0.791
727	0.756
728	0.779
729	0.776
730	0.772
731	0.774
732	0.781
733	0.764
734	0.773
735	0.774
736	0.771
737	0.770
738	0.777
739	0.763
740	0.771
741	0.780
742	0.760
743	0.771
744	0.784
745	0.761
746	0.772
747	0.775
748	0.772
749	0.773
750	0.774
751	0.761
752	0.770
753	0.772
754	0.758
755	0.767
756	0.788
757	0.764
758	0.761
759	0.772
760	0.757
761	0.765
762	0.767
763	0.756
764	0.764
765	0.771
766	0.763
767	0.756
768	0.775
769	0.755
770	0.764
771	0.764
772	0.753
773	0.764
774	0.768
775	0.755
776	0.758
777	0.764
778	0.758
779	0.761
780	0.768
781	0.755
782	0.755
783	0.763
784	0.757
785	0.755
786	0.764
787	0.756
788	0.760
789	0.760
790	0.762
791	0.754
792	0.769
793	0.745
794	0.747
795	0.763
796	0.748
797	0.753
798	0.764
799	0.745
800	0.763
801	0.760
802	0.752
803	0.758
804	0.756
805	0.747
806	0.751
807	0.760
808	0.749
809	0.755
810	0.768
811	0.738
812	0.754
813	0.754
814	0.744
815	0.744
816	0.764
817	0.741
818	0.750
819	0.756
820	0.744
821	0.748
822	0.752
823	0.740
824	0.740
825	0.764
826	0.737
827	0.741
828	0.758
829	0.734
830	0.747
831	0.755
832	0.752
833	0.743
834	0.750
835	0.742
836	0.749
837	0.753
838	0.733
839	0.741
840	0.759
841	0.738
842	0.740
843	0.756
844	0.738
845	0.734
846	0.756
847	0.732
848	0.742
849	0.745
850	0.739
851	0.734
852	0.751
853	0.732
854	0.740
855	0.749
856	0.732
857	0.732
858	0.751
859	0.727
860	0.746
861	0.742
862	0.737
863	0.732
864	0.751
865	0.725
866	0.736
867	0.744
868	0.731
869	0.745
870	0.742
871	0.738
872	0.736
873	0.736
874	0.740
875	0.731
876	0.741
877	0.729
878	0.733
879	0.738
880	0.724
881	0.734
882	0.757
883	0.717
884	0.743
885	0.738
886	0.723
887	0.733
888	0.739
889	0.728
890	0.730
891	0.738
892	0.728
893	0.731
894	0.740
895	0.727
896	0.736
897	0.735
898	0.721
899	0.725
900	0.748
901	0.721
902	0.731
903	0.736
904	0.724
905	0.725
906	0.741
907	0.719
908	0.728
909	0.737
910	0.724
911	0.720
912	0.744
913	0.720
914	0.728
915	0.731
916	0.722
917	0.726
918	0.741
919	0.720
920	0.730
921	0.727
922	0.714
923	0.718
924	0.744
925	0.712
926	0.729
927	0.732
928	0.726
929	0.724
930	0.735
931	0.729
932	0.720
933	0.730
934	0.716
935	0.719
936	0.739
937	0.713
938	0.722
939	0.726
940	0.723
941	0.724
942	0.724
943	0.722
944	0.720
945	0.718
946	0.724
947	0.710
948	0.737
949	0.706
950	0.724
951	0.714
952	0.728
953	0.713
954	0.724
955	0.712
956	0.722
957	0.719
958	0.706
959	0.729
960	0.738
961	0.712
962	0.714
963	0.729
964	0.706
965	0.723
966	0.718
967	0.703
968	0.723
969	0.715
970	0.703
971	0.720
972	0.727
973	0.710
974	0.721
975	0.717
976	0.702
977	0.714
978	0.710
979	0.710
980	0.722
981	0.715
982	0.716
983	0.706
984	0.734
985	0.697
986	0.718
987	0.717
988	0.711
989	0.702
990	0.731
991	0.697
992	0.723
993	0.711
994	0.697
995	0.715
996	0.709
997	0.705
998	0.713
999	0.728
1000	0.710
1001	0.703
1002	0.728
1003	0.697
