2	0.977
3	0.977
4	0.975
5	0.977
6	0.976
7	0.976
8	0.974
9	0.976
10	0.975
11	0.975
12	0.974
13	0.974
14	0.973
15	0.974
16	0.972
17	0.972
18	0.973
19	0.972
20	0.972
21	0.973
22	0.971
23	0.971
24	0.971
25	0.970
26	0.970
27	0.970
28	0.970
29	0.969
30	0.971
31	0.969
32	0.969
33	0.969
34	0.968
35	0.968
36	0.969
37	0.968
38	0.968
39	0.968
40	0.967
41	0.967
42	0.967
43	0.967
44	0.967
45	0.966
46	0.966
47	0.966
48	0.966
49	0.965
50	0.965
51	0.966
52	0.965
53	0.965
54	0.964
55	0.964
56	0.964
57	0.963
58	0.963
59	0.963
60	0.964
61	0.963
62	0.962
63	0.963
64	0.962
65	0.962
66	0.962
67	0.961
68	0.961
69	0.962
70	0.962
71	0.961
72	0.961
73	0.960
74	0.961
75	0.961
76	0.959
77	0.959
78	0.960
79	0.960
80	0.960
81	0.959
82	0.959
83	0.958
84	0.960
85	0.957
86	0.957
87	0.958
88	0.957
89	0.958
90	0.958
91	0.957
92	0.958
93	0.959
94	0.957
95	0.957
96	0.958
97	0.956
98	0.956
99	0.956
100	0.955
101	0.957
102	0.956
103	0.955
104	0.956
105	0.955
106	0.954
107	0.954
108	0.955
109	0.955
110	0.954
111	0.955
112	0.954
113	0.954
114	0.955
115	0.954
116	0.953
117	0.953
118	0.951
119	0.952
120	0.953
121	0.953
122	0.952
123	0.952
124	0.952
125	0.951
126	0.951
127	0.950
128	0.950
129	0.950
130	0.951
131	0.950
132	0.950
133	0.950
134	0.948
135	0.950
136	0.950
137	0.949
138	0.948
139	0.948
140	0.947
141	0.948
142	0.948
143	0.946
144	0.948
145	0.946
146	0.946
147	0.947
148	0.945
149	0.945
150	0.946
151	0.944
152	0.944
153	0.944
154	0.944
155	0.943
156	0.943
157	0.943
158	0.942
159	0.943
160	0.942
161	0.941
162	0.942
163	0.941
164	0.941
165	0.941
166	0.940
167	0.940
168	0.940
169	0.939
170	0.938
171	0.938
172	0.938
173	0.937
174	0.938
175	0.936
176	0.935
177	0.937
178	0.935
179	0.937
180	0.936
181	0.934
182	0.934
183	0.935
184	0.934
185	0.932
186	0.934
187	0.932
188	0.932
189	0.930
190	0.931
191	0.931
192	0.930
193	0.931
194	0.929
195	0.930
196	0.928
197	0.926
198	0.928
199	0.927
200	0.926
201	0.926
202	0.926
203	0.925
204	0.925
205	0.924
206	0.923
207	0.923
208	0.923
209	0.923
210	0.921
211	0.920
212	0.921
213	0.922
214	0.920
215	0.919
216	0.921
217	0.918
218	0.919
219	0.919
220	0.916
221	0.918
222	0.918
223	0.917
224	0.916
225	0.916
226	0.914
227	0.913
228	0.915
229	0.914
230	0.914
231	0.914
232	0.912
233	0.914
234	0.911
235	0.912
236	0.912
237	0.911
238	0.910
239	0.909
240	0.910
241	0.907
242	0.908
243	0.907
244	0.908
245	0.908
246	0.909
247	0.909
248	0.906
249	0.906
250	0.906
251	0.905
252	0.908
253	0.903
254	0.905
255	0.904
256	0.906
257	0.902
258	0.903
259	0.902
260	0.903
261	0.903
262	0.902
263	0.901
264	0.903
265	0.901
266	0.901
267	0.900
268	0.901
269	0.899
270	0.900
271	0.899
272	0.900
273	0.898
274	0.898
275	0.898
276	0.899
277	0.896
278	0.897
279	0.898
280	0.897
281	0.898
282	0.895
283	0.897
284	0.895
285	0.893
286	0.894
287	0.895
288	0.897
289	0.893
290	0.894
291	0.892
292	0.894
293	0.893
294	0.893
295	0.891
296	0.892
297	0.892
298	0.891
299	0.893
300	0.891
301	0.891
302	0.892
303	0.891
304	0.890
305	0.890
306	0.890
307	0.888
308	0.889
309	0.889
310	0.888
311	0.886
312	0.892
313	0.887
314	0.885
315	0.887
316	0.888
317	0.886
318	0.888
319	0.886
320	0.885
321	0.887
322	0.886
323	0.885
324	0.887
325	0.882
326	0.885
327	0.883
328	0.885
329	0.885
330	0.882
331	0.882
332	0.880
333	0.882
334	0.882
335	0.881
336	0.883
337	0.880
338	0.881
339	0.882
340	0.879
341	0.879
342	0.880
343	0.880
344	0.877
345	0.878
346	0.879
347	0.874
348	0.878
349	0.877
350	0.877
351	0.877
352	0.875
353	0.875
354	0.875
355	0.875
356	0.875
357	0.874
358	0.875
359	0.874
360	0.872
361	0.873
362	0.873
363	0.873
364	0.873
365	0.873
366	0.872
367	0.871
368	0.871
369	0.869
370	0.869
371	0.869
372	0.869
373	0.868
374	0.866
375	0.868
376	0.868
377	0.865
378	0.866
379	0.866
380	0.863
381	0.864
382	0.866
383	0.862
384	0.864
385	0.861
386	0.864
387	0.860
388	0.863
389	0.861
390	0.860
391	0.861
392	0.861
393	0.860
394	0.860
395	0.857
396	0.860
397	0.858
398	0.858
399	0.856
400	0.860
401	0.854
402	0.854
403	0.855
404	0.854
405	0.854
406	0.855
407	0.849
408	0.852
409	0.853
410	0.851
411	0.851
412	0.855
413	0.851
414	0.853
415	0.850
416	0.849
417	0.850
418	0.849
419	0.848
420	0.850
421	0.850
422	0.848
423	0.846
424	0.846
425	0.847
426	0.846
427	0.844
428	0.843
429	0.846
430	0.844
431	0.845
432	0.844
433	0.842
434	0.844
435	0.843
436	0.843
437	0.841
438	0.841
439	0.842
440	0.841
441	0.841
442	0.839
443	0.839
444	0.840
445	0.839
446	0.835
447	0.838
448	0.840
449	0.838
450	0.839
451	0.832
452	0.838
453	0.834
454	0.835
455	0.835
456	0.833
457	0.832
458	0.835
459	0.833
460	0.835
461	0.836
462	0.832
463	0.832
464	0.832
465	0.831
466	0.829
467	0.833
468	0.829
469	0.832
470	0.832
471	0.831
472	0.826
473	0.828
474	0.832
475	0.827
476	0.830
477	0.830
478	0.826
479	0.826
480	0.827
481	0.826
482	0.829
483	0.825
484	0.826
485	0.828
486	0.824
487	0.823
488	0.824
489	0.827
490	0.822
491	0.821
492	0.822
493	0.822
494	0.823
495	0.823
496	0.824
497	0.819
498	0.824
499	0.821
500	0.819
501	0.819
502	0.817
503	0.820
504	0.818
505	0.813
506	0.820
507	0.817
508	0.816
509	0.815
510	0.816
511	0.818
512	0.817
513	0.816
514	0.815
515	0.814
516	0.814
517	0.815
518	0.813
519	0.814
520	0.812
521	0.815
522	0.809
523	0.811
524	0.810
525	0.810
526	0.811
527	0.807
528	0.808
529	0.807
530	0.806
531	0.812
532	0.807
533	0.806
534	0.804
535	0.805
536	0.804
537	0.806
538	0.804
539	0.804
540	0.807
541	0.802
542	0.803
543	0.802
544	0.801
545	0.806
546	0.803
547	0.801
548	0.801
549	0.801
550	0.800
551	0.799
552	0.799
553	0.799
554	0.801
555	0.800
556	0.798
557	0.800
558	0.801
559	0.799
560	0.796
561	0.797
562	0.792
563	0.796
564	0.794
565	0.791
566	0.791
567	0.793
568	0.794
569	0.789
570	0.797
571	0.788
572	0.793
573	0.791
574	0.789
575	0.788
576	0.789
577	0.789
578	0.789
579	0.790
580	0.786
581	0.789
582	0.787
583	0.789
584	0.789
585	0.786
586	0.787
587	0.786
588	0.785
589	0.786
590	0.785
591	0.787
592	0.788
593	0.783
594	0.783
595	0.785
596	0.778
597	0.781
598	0.782
599	0.783
600	0.780
601	0.783
602	0.784
603	0.776
604	0.776
605	0.779
606	0.780
607	0.776
608	0.775
609	0.779
610	0.774
611	0.776
612	0.778
613	0.772
614	0.776
615	0.774
616	0.775
617	0.773
618	0.776
619	0.772
620	0.775
621	0.773
622	0.772
623	0.772
624	0.771
625	0.771
626	0.771
627	0.769
628	0.772
629	0.773
630	0.768
631	0.768
632	0.772
633	0.769
634	0.767
635	0.767
636	0.770
637	0.768
638	0.764
639	0.765
640	0.762
641	0.766
642	0.764
643	0.765
644	0.762
645	0.763
646	0.761
647	0.761
648	0.762
649	0.761
650	0.762
651	0.761
652	0.760
653	0.758
654	0.760
655	0.760
656	0.758
657	0.762
658	0.758
659	0.758
660	0.756
661	0.758
662	0.755
663	0.756
664	0.756
665	0.758
666	0.759
667	0.755
668	0.756
669	0.756
670	0.759
671	0.751
672	0.757
673	0.752
674	0.752
675	0.753
676	0.751
677	0.754
678	0.747
679	0.751
680	0.752
681	0.753
682	0.751
683	0.748
684	0.750
685	0.750
686	0.747
687	0.750
688	0.750
689	0.752
690	0.746
691	0.746
692	0.749
693	0.745
694	0.749
695	0.747
696	0.742
697	0.739
698	0.742
699	0.748
700	0.745
701	0.745
702	0.743
703	0.738
704	0.743
705	0.743
706	0.743
707	0.737
708	0.740
709	0.741
710	0.742
711	0.741
712	0.739
713	0.739
714	0.742
715	0.738
716	0.735
717	0.736
718	0.738
719	0.736
720	0.734
721	0.736
722	0.738
723	0.731
724	0.735
725	0.735
726	0.737
727	0.728
728	0.733
729	0.734
730	0.733
731	0.730
732	0.731
733	0.729
734	0.728
735	0.730
736	0.729
737	0.730
738	0.732
739	0.731
740	0.727
741	0.726
742	0.725
743	0.726
744	0.725
745	0.728
746	0.722
747	0.722
748	0.728
749	0.724
750	0.724
751	0.721
752	0.722
753	0.727
754	0.721
755	0.720
756	0.723
757	0.716
758	0.719
759	0.718
760	0.716
761	0.721
762	0.724
763	0.718
764	0.721
765	0.720
766	0.716
767	0.721
768	0.716
769	0.715
770	0.718
771	0.714
772	0.717
773	0.715
774	0.714
775	0.715
776	0.716
777	0.713
778	0.716
779	0.715
780	0.714
781	0.713
782	0.716
783	0.712
784	0.711
785	0.707
786	0.711
787	0.709
788	0.713
789	0.713
790	0.713
791	0.706
792	0.708
793	0.709
794	0.710
795	0.709
796	0.706
797	0.706
798	0.708
799	0.706
800	0.706
801	0.707
802	0.708
803	0.702
804	0.704
805	0.702
806	0.705
807	0.701
808	0.705
809	0.704
810	0.703
811	0.703
812	0.706
813	0.703
814	0.699
815	0.701
816	0.701
817	0.701
818	0.703
819	0.700
820	0.701
821	0.697
822	0.705
823	0.699
824	0.698
825	0.702
826	0.697
827	0.694
828	0.699
829	0.698
830	0.699
831	0.694
832	0.698
833	0.696
834	0.697
835	0.694
836	0.695
837	0.697
838	0.697
839	0.688
840	0.694
841	0.693
842	0.696
843	0.695
844	0.692
845	0.689
846	0.696
847	0.690
848	0.690
849	0.695
850	0.690
851	0.689
852	0.691
853	0.689
854	0.688
855	0.692
856	0.687
857	0.690
858	0.689
859	0.685
860	0.683
861	0.693
862	0.685
863	0.685
864	0.682
865	0.690
866	0.689
867	0.684
868	0.686
869	0.683
870	0.681
871	0.683
872	0.682
873	0.687
874	0.678
875	0.685
876	0.684
877	0.684
878	0.677
879	0.683
880	0.683
881	0.681
882	0.684
883	0.679
884	0.677
885	0.677
886	0.681
887	0.676
888	0.678
889	0.680
890	0.681
891	0.679
892	0.680
893	0.672
894	0.675
895	0.676
896	0.673
897	0.675
898	0.679
899	0.675
900	0.671
901	0.677
902	0.676
903	0.675
904	0.673
905	0.674
906	0.674
907	0.669
908	0.671
909	0.671
910	0.673
911	0.667
912	0.670
913	0.670
914	0.672
915	0.671
916	0.661
917	0.666
918	0.667
919	0.663
920	0.665
921	0.669
922	0.663
923	0.662
924	0.668
925	0.660
926	0.667
927	0.663
928	0.660
929	0.668
930	0.661
931	0.658
932	0.655
933	0.664
934	0.659
935	0.659
936	0.662
937	0.663
938	0.659
939	0.662
940	0.656
941	0.659
942	0.661
943	0.655
944	0.657
945	0.659
946	0.655
947	0.656
948	0.654
949	0.655
950	0.648
951	0.654
952	0.653
953	0.656
954	0.651
955	0.651
956	0.656
957	0.655
958	0.649
959	0.653
960	0.652
961	0.651
962	0.656
963	0.649
964	0.650
965	0.647
966	0.653
967	0.648
968	0.649
969	0.649
970	0.648
971	0.650
972	0.649
973	0.647
974	0.651
975	0.649
976	0.649
977	0.642
978	0.648
979	0.643
980	0.647
981	0.645
982	0.649
983	0.650
984	0.647
985	0.641
986	0.647
987	0.647
988	0.645
989	0.638
990	0.641
991	0.642
992	0.641
993	0.643
994	0.638
995	0.640
996	0.644
997	0.646
998	0.639
999	0.641
1000	0.640
