2	0.963
3	0.965
4	0.951
5	0.961
6	0.959
7	0.961
8	0.946
9	0.962
10	0.957
11	0.961
12	0.954
13	0.961
14	0.958
15	0.961
16	0.949
17	0.957
18	0.959
19	0.961
20	0.955
21	0.959
22	0.957
23	0.957
24	0.951
25	0.954
26	0.957
27	0.957
28	0.954
29	0.957
30	0.948
31	0.954
32	0.943
33	0.951
34	0.953
35	0.956
36	0.953
37	0.952
38	0.945
39	0.952
40	0.945
41	0.951
42	0.951
43	0.949
44	0.944
45	0.943
46	0.948
47	0.948
48	0.950
49	0.945
50	0.950
51	0.953
52	0.947
53	0.949
54	0.943
55	0.948
56	0.939
57	0.950
58	0.945
59	0.949
60	0.944
61	0.948
62	0.943
63	0.942
64	0.940
65	0.949
66	0.948
67	0.948
68	0.943
69	0.949
70	0.940
71	0.945
72	0.943
73	0.946
74	0.945
75	0.945
76	0.940
77	0.946
78	0.939
79	0.946
80	0.941
81	0.944
82	0.944
83	0.945
84	0.942
85	0.942
86	0.936
87	0.943
88	0.936
89	0.940
90	0.939
91	0.940
92	0.941
93	0.942
94	0.934
95	0.941
96	0.937
97	0.941
98	0.937
99	0.938
100	0.938
101	0.937
102	0.939
103	0.939
104	0.940
105	0.940
106	0.938
107	0.939
108	0.939
109	0.940
110	0.938
111	0.941
112	0.941
113	0.940
114	0.938
115	0.939
116	0.939
117	0.937
118	0.933
119	0.937
120	0.937
121	0.936
122	0.933
123	0.937
124	0.937
125	0.937
126	0.932
127	0.934
128	0.933
129	0.935
130	0.933
131	0.934
132	0.934
133	0.933
134	0.928
135	0.933
136	0.934
137	0.934
138	0.931
139	0.932
140	0.932
141	0.932
142	0.933
143	0.933
144	0.932
145	0.933
146	0.933
147	0.932
148	0.933
149	0.932
150	0.932
151	0.930
152	0.932
153	0.932
154	0.933
155	0.932
156	0.931
157	0.931
158	0.931
159	0.930
160	0.930
161	0.931
162	0.930
163	0.931
164	0.931
165	0.928
166	0.928
167	0.929
168	0.930
169	0.930
170	0.929
171	0.929
172	0.929
173	0.928
174	0.927
175	0.930
176	0.926
177	0.928
178	0.926
179	0.928
180	0.928
181	0.927
182	0.926
183	0.925
184	0.926
185	0.925
186	0.925
187	0.924
188	0.924
189	0.922
190	0.923
191	0.924
192	0.924
193	0.925
194	0.922
195	0.923
196	0.921
197	0.920
198	0.921
199	0.921
200	0.923
201	0.922
202	0.920
203	0.919
204	0.919
205	0.918
206	0.921
207	0.919
208	0.919
209	0.920
210	0.918
211	0.918
212	0.915
213	0.918
214	0.917
215	0.917
216	0.915
217	0.917
218	0.916
219	0.915
220	0.913
221	0.914
222	0.912
223	0.914
224	0.914
225	0.914
226	0.911
227	0.910
228	0.910
229	0.912
230	0.911
231	0.913
232	0.910
233	0.912
234	0.910
235	0.910
236	0.911
237	0.909
238	0.910
239	0.910
240	0.909
241	0.909
242	0.909
243	0.908
244	0.909
245	0.908
246	0.908
247	0.907
248	0.907
249	0.906
250	0.906
251	0.906
252	0.905
253	0.904
254	0.903
255	0.905
256	0.904
257	0.903
258	0.902
259	0.902
260	0.902
261	0.901
262	0.902
263	0.902
264	0.901
265	0.902
266	0.901
267	0.900
268	0.900
269	0.899
270	0.901
271	0.900
272	0.900
273	0.900
274	0.900
275	0.899
276	0.900
277	0.898
278	0.900
279	0.899
280	0.896
281	0.897
282	0.898
283	0.897
284	0.896
285	0.896
286	0.897
287	0.896
288	0.898
289	0.896
290	0.895
291	0.894
292	0.893
293	0.895
294	0.894
295	0.894
296	0.895
297	0.893
298	0.894
299	0.892
300	0.892
301	0.892
302	0.892
303	0.892
304	0.891
305	0.891
306	0.890
307	0.889
308	0.892
309	0.892
310	0.888
311	0.888
312	0.889
313	0.889
314	0.888
315	0.886
316	0.889
317	0.887
318	0.887
319	0.888
320	0.887
321	0.887
322	0.886
323	0.886
324	0.885
325	0.885
326	0.884
327	0.884
328	0.883
329	0.884
330	0.883
331	0.882
332	0.882
333	0.884
334	0.883
335	0.881
336	0.883
337	0.880
338	0.881
339	0.881
340	0.881
341	0.880
342	0.880
343	0.879
344	0.878
345	0.881
346	0.880
347	0.878
348	0.877
349	0.879
350	0.877
351	0.876
352	0.877
353	0.876
354	0.876
355	0.876
356	0.874
357	0.875
358	0.875
359	0.874
360	0.874
361	0.873
362	0.874
363	0.873
364	0.873
365	0.872
366	0.872
367	0.871
368	0.872
369	0.870
370	0.870
371	0.870
372	0.871
373	0.870
374	0.870
375	0.868
376	0.870
377	0.870
378	0.868
379	0.868
380	0.866
381	0.866
382	0.866
383	0.863
384	0.866
385	0.865
386	0.865
387	0.862
388	0.862
389	0.863
390	0.864
391	0.862
392	0.863
393	0.862
394	0.862
395	0.860
396	0.861
397	0.859
398	0.859
399	0.860
400	0.860
401	0.858
402	0.859
403	0.857
404	0.857
405	0.857
406	0.856
407	0.855
408	0.856
409	0.855
410	0.854
411	0.855
412	0.853
413	0.853
414	0.856
415	0.851
416	0.854
417	0.852
418	0.852
419	0.851
420	0.850
421	0.850
422	0.851
423	0.850
424	0.850
425	0.848
426	0.850
427	0.849
428	0.846
429	0.848
430	0.848
431	0.847
432	0.847
433	0.846
434	0.846
435	0.846
436	0.846
437	0.843
438	0.844
439	0.844
440	0.842
441	0.843
442	0.841
443	0.843
444	0.842
445	0.842
446	0.840
447	0.841
448	0.842
449	0.841
450	0.839
451	0.840
452	0.841
453	0.839
454	0.840
455	0.837
456	0.838
457	0.836
458	0.837
459	0.836
460	0.838
461	0.836
462	0.836
463	0.836
464	0.836
465	0.832
466	0.834
467	0.833
468	0.831
469	0.834
470	0.832
471	0.832
472	0.831
473	0.830
474	0.831
475	0.830
476	0.829
477	0.830
478	0.828
479	0.828
480	0.827
481	0.828
482	0.829
483	0.827
484	0.826
485	0.827
486	0.827
487	0.826
488	0.825
489	0.827
490	0.825
491	0.822
492	0.824
493	0.825
494	0.824
495	0.824
496	0.826
497	0.819
498	0.823
499	0.820
500	0.821
501	0.820
502	0.819
503	0.822
504	0.819
505	0.816
506	0.819
507	0.817
508	0.818
509	0.818
510	0.815
511	0.816
512	0.815
513	0.818
514	0.814
515	0.814
516	0.812
517	0.814
518	0.813
519	0.814
520	0.812
521	0.813
522	0.810
523	0.813
524	0.811
525	0.809
526	0.811
527	0.812
528	0.810
529	0.810
530	0.807
531	0.809
532	0.807
533	0.807
534	0.804
535	0.806
536	0.805
537	0.807
538	0.804
539	0.806
540	0.805
541	0.803
542	0.802
543	0.803
544	0.802
545	0.802
546	0.801
547	0.803
548	0.801
549	0.800
550	0.802
551	0.800
552	0.797
553	0.800
554	0.798
555	0.797
556	0.795
557	0.795
558	0.796
559	0.795
560	0.797
561	0.796
562	0.793
563	0.797
564	0.792
565	0.796
566	0.791
567	0.794
568	0.793
569	0.790
570	0.793
571	0.790
572	0.791
573	0.790
574	0.789
575	0.788
576	0.789
577	0.786
578	0.788
579	0.784
580	0.787
581	0.789
582	0.786
583	0.786
584	0.785
585	0.785
586	0.785
587	0.785
588	0.785
589	0.782
590	0.782
591	0.783
592	0.784
593	0.784
594	0.781
595	0.780
596	0.779
597	0.780
598	0.779
599	0.776
600	0.778
601	0.777
602	0.781
603	0.775
604	0.778
605	0.779
606	0.773
607	0.775
608	0.771
609	0.774
610	0.775
611	0.774
612	0.772
613	0.773
614	0.772
615	0.770
616	0.771
617	0.768
618	0.773
619	0.769
620	0.769
621	0.768
622	0.768
623	0.768
624	0.766
625	0.767
626	0.768
627	0.766
628	0.767
629	0.767
630	0.763
631	0.764
632	0.764
633	0.766
634	0.765
635	0.765
636	0.762
637	0.764
638	0.762
639	0.762
640	0.762
641	0.760
642	0.762
643	0.758
644	0.759
645	0.760
646	0.758
647	0.758
648	0.755
649	0.758
650	0.758
651	0.753
652	0.757
653	0.755
654	0.756
655	0.753
656	0.755
657	0.755
658	0.752
659	0.750
660	0.752
661	0.752
662	0.749
663	0.754
664	0.752
665	0.750
666	0.751
667	0.750
668	0.750
669	0.749
670	0.748
671	0.744
672	0.749
673	0.747
674	0.748
675	0.747
676	0.747
677	0.744
678	0.743
679	0.745
680	0.746
681	0.743
682	0.741
683	0.743
684	0.743
685	0.743
686	0.741
687	0.743
688	0.741
689	0.741
690	0.739
691	0.736
692	0.740
693	0.739
694	0.738
695	0.734
696	0.735
697	0.734
698	0.733
699	0.735
700	0.735
701	0.737
702	0.729
703	0.732
704	0.733
705	0.735
706	0.734
707	0.731
708	0.733
709	0.733
710	0.731
711	0.733
712	0.732
713	0.729
714	0.728
715	0.728
716	0.727
717	0.727
718	0.728
719	0.725
720	0.725
721	0.727
722	0.724
723	0.726
724	0.722
725	0.726
726	0.724
727	0.722
728	0.723
729	0.722
730	0.722
731	0.719
732	0.720
733	0.720
734	0.720
735	0.719
736	0.719
737	0.717
738	0.720
739	0.717
740	0.719
741	0.717
742	0.716
743	0.713
744	0.715
745	0.714
746	0.711
747	0.711
748	0.712
749	0.711
750	0.712
751	0.709
752	0.711
753	0.710
754	0.711
755	0.709
756	0.710
757	0.709
758	0.708
759	0.705
760	0.707
761	0.705
762	0.707
763	0.703
764	0.707
765	0.702
766	0.706
767	0.704
768	0.706
769	0.699
770	0.703
771	0.700
772	0.701
773	0.699
774	0.702
775	0.700
776	0.701
777	0.699
778	0.698
779	0.700
780	0.700
781	0.696
782	0.698
783	0.696
784	0.697
785	0.696
786	0.694
787	0.694
788	0.697
789	0.693
790	0.696
791	0.693
792	0.696
793	0.690
794	0.692
795	0.690
796	0.691
797	0.691
798	0.691
799	0.686
800	0.691
801	0.689
802	0.687
803	0.687
804	0.683
805	0.689
806	0.687
807	0.686
808	0.686
809	0.684
810	0.684
811	0.682
812	0.682
813	0.686
814	0.683
815	0.681
816	0.682
817	0.685
818	0.683
819	0.680
820	0.679
821	0.680
822	0.679
823	0.679
824	0.680
825	0.680
826	0.679
827	0.674
828	0.677
829	0.678
830	0.676
831	0.673
832	0.676
833	0.676
834	0.672
835	0.672
836	0.673
837	0.672
838	0.675
839	0.673
840	0.669
841	0.667
842	0.672
843	0.668
844	0.671
845	0.667
846	0.670
847	0.668
848	0.669
849	0.664
850	0.673
851	0.662
852	0.664
853	0.664
854	0.664
855	0.666
856	0.668
857	0.663
858	0.665
859	0.663
860	0.658
861	0.667
862	0.663
863	0.656
864	0.659
865	0.667
866	0.661
867	0.660
868	0.659
869	0.658
870	0.657
871	0.661
872	0.654
873	0.662
874	0.652
875	0.657
876	0.653
877	0.656
878	0.652
879	0.658
880	0.653
881	0.654
882	0.656
883	0.651
884	0.651
885	0.649
886	0.656
887	0.651
888	0.650
889	0.650
890	0.653
891	0.651
892	0.650
893	0.649
894	0.649
895	0.648
896	0.646
897	0.650
898	0.646
899	0.645
900	0.643
901	0.645
902	0.646
903	0.647
904	0.641
905	0.642
906	0.646
907	0.640
908	0.638
909	0.641
910	0.644
911	0.640
912	0.642
913	0.634
914	0.646
915	0.640
916	0.636
917	0.637
918	0.637
919	0.632
920	0.636
921	0.636
922	0.634
923	0.633
924	0.635
925	0.632
926	0.631
927	0.634
928	0.633
929	0.633
930	0.633
931	0.628
932	0.634
933	0.628
934	0.631
935	0.634
936	0.628
937	0.631
938	0.623
939	0.628
940	0.626
941	0.628
942	0.627
943	0.622
944	0.630
945	0.626
946	0.628
947	0.625
948	0.624
949	0.624
950	0.619
951	0.621
952	0.625
953	0.621
954	0.616
955	0.626
956	0.621
957	0.617
958	0.624
959	0.619
960	0.618
961	0.619
962	0.621
963	0.619
964	0.618
965	0.617
966	0.616
967	0.617
968	0.616
969	0.614
970	0.616
971	0.616
972	0.615
973	0.616
974	0.611
975	0.614
976	0.610
977	0.606
978	0.611
979	0.606
980	0.612
981	0.611
982	0.611
983	0.611
984	0.613
985	0.605
986	0.612
987	0.607
988	0.608
989	0.606
990	0.606
991	0.606
992	0.606
993	0.606
994	0.608
995	0.605
996	0.605
997	0.605
998	0.605
999	0.600
1000	0.607
