2	0.607
3	0.602
4	0.528
5	0.550
6	0.574
7	0.526
8	0.510
9	0.566
10	0.564
11	0.528
12	0.516
13	0.553
14	0.522
15	0.541
16	0.492
17	0.505
18	0.556
19	0.605
20	0.479
21	0.526
22	0.554
23	0.518
24	0.486
25	0.474
26	0.542
27	0.536
28	0.512
29	0.540
30	0.471
31	0.471
32	0.458
33	0.480
34	0.497
35	0.531
36	0.477
37	0.487
38	0.445
39	0.455
40	0.465
41	0.446
42	0.503
43	0.457
44	0.428
45	0.404
46	0.453
47	0.425
48	0.412
49	0.445
50	0.416
51	0.479
52	0.415
53	0.441
54	0.435
55	0.415
56	0.361
57	0.457
58	0.411
59	0.439
60	0.387
61	0.416
62	0.404
63	0.378
64	0.394
65	0.434
66	0.425
67	0.430
68	0.360
69	0.438
70	0.353
71	0.380
72	0.379
73	0.405
74	0.356
75	0.358
76	0.357
77	0.374
78	0.333
79	0.396
80	0.358
81	0.390
82	0.404
83	0.424
84	0.387
85	0.369
86	0.354
87	0.382
88	0.322
89	0.335
90	0.335
91	0.374
92	0.368
93	0.362
94	0.319
95	0.360
96	0.340
97	0.334
98	0.345
99	0.343
100	0.356
101	0.336
102	0.346
103	0.349
104	0.353
105	0.335
106	0.339
107	0.361
108	0.378
109	0.352
110	0.321
111	0.356
112	0.372
113	0.357
114	0.337
115	0.349
116	0.346
117	0.329
118	0.300
119	0.345
120	0.335
121	0.326
122	0.308
123	0.360
124	0.357
125	0.335
126	0.308
127	0.310
128	0.328
129	0.316
130	0.298
131	0.322
132	0.326
133	0.317
134	0.278
135	0.298
136	0.345
137	0.333
138	0.307
139	0.323
140	0.307
141	0.308
142	0.304
143	0.322
144	0.309
145	0.324
146	0.297
147	0.327
148	0.330
149	0.308
150	0.299
151	0.300
152	0.309
153	0.310
154	0.327
155	0.325
156	0.313
157	0.299
158	0.280
159	0.291
160	0.281
161	0.304
162	0.303
163	0.313
164	0.307
165	0.280
166	0.289
167	0.290
168	0.300
169	0.295
170	0.295
171	0.301
172	0.296
173	0.287
174	0.297
175	0.319
176	0.305
177	0.286
178	0.290
179	0.285
180	0.316
181	0.281
182	0.278
183	0.280
184	0.307
185	0.308
186	0.309
187	0.317
188	0.288
189	0.272
190	0.264
191	0.283
192	0.288
193	0.274
194	0.272
195	0.307
196	0.263
197	0.284
198	0.269
199	0.279
200	0.294
201	0.298
202	0.278
203	0.248
204	0.252
205	0.258
206	0.290
207	0.265
208	0.277
209	0.261
210	0.251
211	0.252
212	0.244
213	0.260
214	0.266
215	0.271
216	0.241
217	0.276
218	0.250
219	0.252
220	0.230
221	0.246
222	0.251
223	0.256
224	0.257
225	0.275
226	0.235
227	0.248
228	0.232
229	0.240
230	0.239
231	0.257
232	0.232
233	0.247
234	0.231
235	0.243
236	0.237
237	0.263
238	0.243
239	0.256
240	0.221
241	0.255
242	0.252
243	0.240
244	0.265
245	0.262
246	0.255
247	0.244
248	0.206
249	0.230
250	0.221
251	0.239
252	0.215
253	0.229
254	0.227
255	0.243
256	0.196
257	0.229
258	0.213
259	0.213
260	0.204
261	0.225
262	0.222
263	0.236
264	0.196
265	0.214
266	0.216
267	0.229
268	0.215
269	0.212
270	0.227
271	0.229
272	0.218
273	0.216
274	0.232
275	0.226
276	0.224
277	0.211
278	0.214
279	0.212
280	0.224
281	0.211
282	0.202
283	0.214
284	0.213
285	0.223
286	0.223
287	0.203
288	0.189
289	0.205
290	0.219
291	0.214
292	0.233
293	0.193
294	0.210
295	0.198
296	0.207
297	0.176
298	0.198
299	0.212
300	0.191
301	0.181
302	0.196
303	0.185
304	0.197
305	0.200
306	0.178
307	0.184
308	0.197
309	0.199
310	0.187
311	0.185
312	0.180
313	0.187
314	0.195
315	0.195
316	0.215
317	0.215
318	0.180
319	0.210
320	0.183
321	0.184
322	0.193
323	0.176
324	0.178
325	0.193
326	0.190
327	0.201
328	0.170
329	0.174
330	0.183
331	0.188
332	0.188
333	0.186
334	0.172
335	0.188
336	0.161
337	0.173
338	0.155
339	0.189
340	0.176
341	0.177
342	0.196
343	0.174
344	0.172
345	0.175
346	0.170
347	0.173
348	0.160
349	0.194
350	0.177
351	0.155
352	0.161
353	0.149
354	0.156
355	0.166
356	0.146
357	0.185
358	0.161
359	0.166
360	0.171
361	0.157
362	0.170
363	0.151
364	0.177
365	0.160
366	0.160
367	0.163
368	0.176
369	0.176
370	0.172
371	0.167
372	0.162
373	0.164
374	0.160
375	0.147
376	0.128
377	0.159
378	0.171
379	0.159
380	0.158
381	0.156
382	0.163
383	0.127
384	0.151
385	0.159
386	0.158
387	0.154
388	0.147
389	0.144
390	0.145
391	0.142
392	0.131
393	0.138
394	0.146
395	0.137
396	0.163
397	0.140
398	0.142
399	0.123
400	0.128
401	0.152
402	0.148
403	0.145
404	0.135
405	0.128
406	0.151
407	0.130
408	0.150
409	0.146
410	0.134
411	0.139
412	0.136
413	0.138
414	0.117
415	0.128
416	0.125
417	0.135
418	0.131
419	0.120
420	0.149
421	0.123
422	0.129
423	0.136
424	0.141
425	0.118
426	0.115
427	0.119
428	0.128
429	0.137
430	0.139
431	0.117
432	0.126
433	0.150
434	0.136
435	0.128
436	0.130
437	0.120
438	0.110
439	0.135
440	0.121
441	0.125
442	0.125
443	0.125
444	0.114
445	0.110
446	0.123
447	0.121
448	0.110
449	0.135
450	0.145
451	0.107
452	0.125
453	0.132
454	0.123
455	0.112
456	0.125
457	0.118
458	0.126
459	0.120
460	0.114
461	0.117
462	0.115
463	0.117
464	0.118
465	0.128
466	0.130
467	0.126
468	0.120
469	0.110
470	0.113
471	0.145
472	0.113
473	0.142
474	0.104
475	0.127
476	0.133
477	0.122
478	0.121
479	0.121
480	0.139
481	0.124
482	0.113
483	0.122
484	0.118
485	0.108
486	0.119
487	0.118
488	0.115
489	0.096
490	0.121
491	0.116
492	0.109
493	0.102
494	0.102
495	0.117
496	0.123
497	0.130
498	0.095
499	0.117
500	0.111
501	0.110
502	0.122
503	0.120
504	0.107
505	0.122
506	0.121
507	0.120
508	0.109
509	0.118
510	0.105
511	0.114
512	0.114
513	0.106
514	0.119
515	0.120
516	0.122
517	0.121
518	0.103
519	0.101
520	0.115
521	0.104
522	0.127
523	0.125
524	0.112
525	0.112
526	0.124
527	0.121
528	0.118
529	0.125
530	0.107
531	0.100
532	0.104
533	0.099
534	0.103
535	0.116
536	0.099
537	0.112
538	0.087
539	0.118
540	0.103
541	0.091
542	0.114
543	0.100
544	0.121
545	0.108
546	0.122
547	0.100
548	0.099
549	0.105
550	0.114
551	0.102
552	0.110
553	0.095
554	0.108
555	0.093
556	0.109
557	0.106
558	0.113
559	0.126
560	0.120
561	0.106
562	0.104
563	0.105
564	0.123
565	0.086
566	0.119
567	0.106
568	0.138
569	0.116
570	0.107
571	0.112
572	0.107
573	0.101
574	0.114
575	0.110
576	0.109
577	0.108
578	0.102
579	0.111
580	0.110
581	0.099
582	0.098
583	0.126
584	0.101
585	0.113
586	0.116
587	0.110
588	0.096
589	0.094
590	0.099
591	0.093
592	0.096
593	0.121
594	0.105
595	0.104
596	0.094
597	0.122
598	0.098
599	0.101
600	0.106
601	0.102
602	0.098
603	0.096
604	0.100
605	0.105
606	0.110
607	0.105
608	0.094
609	0.101
610	0.104
611	0.099
612	0.102
613	0.103
614	0.114
615	0.105
616	0.107
617	0.116
618	0.106
619	0.105
620	0.094
621	0.080
622	0.117
623	0.092
624	0.094
625	0.091
626	0.104
627	0.087
628	0.114
629	0.109
630	0.105
631	0.105
632	0.098
633	0.095
634	0.111
635	0.114
636	0.092
637	0.101
638	0.098
639	0.110
640	0.098
641	0.089
642	0.094
643	0.087
644	0.103
645	0.098
646	0.099
647	0.115
648	0.097
649	0.090
650	0.087
651	0.104
652	0.091
653	0.090
654	0.100
655	0.092
656	0.115
657	0.111
658	0.101
659	0.107
660	0.115
661	0.112
662	0.089
663	0.111
664	0.093
665	0.088
666	0.098
667	0.089
668	0.104
669	0.096
670	0.100
671	0.098
672	0.094
673	0.095
674	0.104
675	0.086
676	0.095
677	0.095
678	0.108
679	0.097
680	0.109
681	0.110
682	0.110
683	0.089
684	0.095
685	0.095
686	0.085
687	0.107
688	0.099
689	0.103
690	0.098
691	0.097
692	0.111
693	0.098
694	0.100
695	0.107
696	0.095
697	0.099
698	0.109
699	0.099
700	0.105
701	0.122
702	0.091
703	0.082
704	0.100
705	0.113
706	0.102
707	0.102
708	0.084
709	0.096
710	0.101
711	0.077
712	0.101
713	0.100
714	0.111
715	0.094
716	0.101
717	0.098
718	0.100
719	0.081
720	0.098
721	0.102
722	0.084
723	0.098
724	0.105
725	0.095
726	0.101
727	0.091
728	0.109
729	0.078
730	0.088
731	0.095
732	0.096
733	0.084
734	0.100
735	0.101
736	0.108
737	0.089
738	0.106
739	0.088
740	0.104
741	0.093
742	0.095
743	0.091
744	0.068
745	0.109
746	0.098
747	0.092
748	0.093
749	0.087
750	0.137
751	0.085
752	0.099
753	0.097
754	0.095
755	0.106
756	0.082
757	0.081
758	0.111
759	0.084
760	0.099
761	0.093
762	0.114
763	0.104
764	0.097
765	0.093
766	0.091
767	0.094
768	0.090
769	0.082
770	0.098
771	0.109
772	0.083
773	0.105
774	0.078
775	0.088
776	0.080
777	0.094
778	0.099
779	0.087
780	0.098
781	0.110
782	0.092
783	0.097
784	0.093
785	0.097
786	0.086
787	0.114
788	0.086
789	0.103
790	0.125
791	0.103
792	0.101
793	0.090
794	0.104
795	0.095
796	0.100
797	0.078
798	0.096
799	0.103
800	0.095
801	0.092
802	0.103
803	0.100
804	0.084
805	0.095
806	0.086
807	0.100
808	0.073
809	0.092
810	0.075
811	0.110
812	0.096
813	0.104
814	0.093
815	0.095
816	0.093
817	0.094
818	0.097
819	0.104
820	0.084
821	0.090
822	0.094
823	0.091
824	0.099
825	0.100
826	0.103
827	0.107
828	0.098
829	0.100
830	0.082
831	0.121
832	0.094
833	0.088
834	0.090
835	0.106
836	0.081
837	0.105
838	0.103
839	0.101
840	0.086
841	0.102
842	0.089
843	0.102
844	0.104
845	0.084
846	0.099
847	0.104
848	0.117
849	0.095
850	0.109
851	0.107
852	0.107
853	0.099
854	0.094
855	0.106
856	0.099
857	0.088
858	0.104
859	0.105
860	0.094
861	0.103
862	0.110
863	0.097
864	0.078
865	0.117
866	0.090
867	0.079
868	0.100
869	0.104
870	0.083
871	0.102
872	0.092
873	0.101
874	0.090
875	0.098
876	0.096
877	0.097
878	0.085
879	0.105
880	0.098
881	0.099
882	0.073
883	0.098
884	0.103
885	0.098
886	0.103
887	0.104
888	0.103
889	0.108
890	0.109
891	0.100
892	0.099
893	0.099
894	0.109
895	0.099
896	0.117
897	0.107
898	0.100
899	0.096
900	0.086
901	0.107
902	0.105
903	0.097
904	0.097
905	0.095
906	0.100
907	0.082
908	0.079
909	0.092
910	0.084
911	0.117
912	0.097
913	0.101
914	0.090
915	0.090
916	0.090
917	0.103
918	0.102
919	0.110
920	0.103
921	0.097
922	0.102
923	0.111
924	0.092
925	0.106
926	0.112
927	0.110
928	0.096
929	0.115
930	0.088
931	0.102
932	0.105
933	0.096
934	0.108
935	0.094
936	0.098
937	0.089
938	0.100
939	0.092
940	0.102
941	0.107
942	0.101
943	0.102
944	0.091
945	0.104
946	0.102
947	0.107
948	0.099
949	0.097
950	0.105
951	0.118
952	0.097
953	0.108
954	0.084
955	0.102
956	0.096
957	0.099
958	0.096
959	0.102
960	0.093
961	0.106
962	0.105
963	0.096
964	0.090
965	0.110
966	0.105
967	0.106
968	0.104
969	0.103
970	0.107
971	0.090
972	0.125
973	0.108
974	0.118
975	0.103
976	0.108
977	0.103
978	0.113
979	0.106
980	0.095
981	0.093
982	0.106
983	0.102
984	0.104
985	0.098
986	0.093
987	0.104
988	0.114
989	0.130
990	0.098
991	0.095
992	0.100
993	0.089
994	0.116
995	0.104
996	0.102
997	0.107
998	0.108
999	0.101
1000	0.108
