2	0.968
3	0.969
4	0.968
5	0.968
6	0.968
7	0.967
8	0.966
9	0.968
10	0.966
11	0.965
12	0.966
13	0.962
14	0.961
15	0.962
16	0.961
17	0.959
18	0.959
19	0.958
20	0.958
21	0.959
22	0.957
23	0.956
24	0.956
25	0.953
26	0.953
27	0.953
28	0.953
29	0.952
30	0.954
31	0.952
32	0.950
33	0.951
34	0.947
35	0.947
36	0.947
37	0.945
38	0.945
39	0.945
40	0.945
41	0.942
42	0.945
43	0.940
44	0.940
45	0.940
46	0.938
47	0.937
48	0.938
49	0.936
50	0.936
51	0.937
52	0.933
53	0.934
54	0.933
55	0.931
56	0.932
57	0.931
58	0.929
59	0.927
60	0.930
61	0.927
62	0.929
63	0.926
64	0.925
65	0.925
66	0.925
67	0.921
68	0.922
69	0.923
70	0.919
71	0.919
72	0.919
73	0.914
74	0.916
75	0.916
76	0.912
77	0.914
78	0.914
79	0.913
80	0.912
81	0.912
82	0.910
83	0.908
84	0.911
85	0.907
86	0.907
87	0.909
88	0.905
89	0.906
90	0.907
91	0.902
92	0.906
93	0.904
94	0.902
95	0.901
96	0.905
97	0.897
98	0.899
99	0.902
100	0.898
101	0.897
102	0.898
103	0.895
104	0.895
105	0.898
106	0.893
107	0.891
108	0.895
109	0.893
110	0.891
111	0.892
112	0.890
113	0.885
114	0.890
115	0.885
116	0.888
117	0.886
118	0.881
119	0.882
120	0.885
121	0.880
122	0.881
123	0.882
124	0.880
125	0.877
126	0.881
127	0.879
128	0.879
129	0.878
130	0.875
131	0.873
132	0.874
133	0.872
134	0.872
135	0.875
136	0.871
137	0.872
138	0.873
139	0.867
140	0.868
141	0.869
142	0.864
143	0.863
144	0.868
145	0.861
146	0.863
147	0.861
148	0.860
149	0.859
150	0.860
151	0.856
152	0.858
153	0.855
154	0.852
155	0.854
156	0.855
157	0.848
158	0.850
159	0.848
160	0.847
161	0.844
162	0.847
163	0.842
164	0.843
165	0.844
166	0.841
167	0.837
168	0.843
169	0.839
170	0.839
171	0.836
172	0.834
173	0.830
174	0.835
175	0.827
176	0.829
177	0.830
178	0.826
179	0.824
180	0.829
181	0.821
182	0.821
183	0.821
184	0.818
185	0.816
186	0.818
187	0.811
188	0.816
189	0.814
190	0.812
191	0.809
192	0.805
193	0.806
194	0.802
195	0.806
196	0.802
197	0.799
198	0.802
199	0.794
200	0.795
201	0.797
202	0.793
203	0.789
204	0.796
205	0.790
206	0.787
207	0.785
208	0.783
209	0.784
210	0.784
211	0.781
212	0.776
213	0.781
214	0.779
215	0.772
216	0.777
217	0.771
218	0.775
219	0.772
220	0.763
221	0.764
222	0.767
223	0.767
224	0.760
225	0.765
226	0.758
227	0.756
228	0.756
229	0.750
230	0.754
231	0.757
232	0.751
233	0.750
234	0.747
235	0.741
236	0.747
237	0.749
238	0.745
239	0.742
240	0.743
241	0.736
242	0.739
243	0.739
244	0.731
245	0.731
246	0.737
247	0.731
248	0.731
249	0.734
250	0.728
251	0.722
252	0.735
253	0.724
254	0.720
255	0.722
256	0.726
257	0.721
258	0.716
259	0.716
260	0.717
261	0.718
262	0.716
263	0.706
264	0.715
265	0.713
266	0.710
267	0.712
268	0.709
269	0.705
270	0.708
271	0.703
272	0.709
273	0.699
274	0.701
275	0.697
276	0.704
277	0.693
278	0.695
279	0.700
280	0.698
281	0.694
282	0.699
283	0.687
284	0.694
285	0.684
286	0.691
287	0.683
288	0.692
289	0.677
290	0.687
291	0.676
292	0.680
293	0.685
294	0.677
295	0.677
296	0.677
297	0.677
298	0.680
299	0.669
300	0.680
301	0.676
302	0.674
303	0.670
304	0.678
305	0.671
306	0.677
307	0.670
308	0.664
309	0.664
310	0.666
311	0.661
312	0.666
313	0.660
314	0.653
315	0.662
316	0.659
317	0.654
318	0.650
319	0.651
320	0.653
321	0.659
322	0.643
323	0.650
324	0.650
325	0.647
326	0.643
327	0.646
328	0.649
329	0.647
330	0.637
331	0.640
332	0.636
333	0.640
334	0.634
335	0.638
336	0.643
337	0.635
338	0.634
339	0.642
340	0.633
341	0.631
342	0.632
343	0.628
344	0.624
345	0.632
346	0.622
347	0.631
348	0.621
349	0.615
350	0.620
351	0.620
352	0.625
353	0.612
354	0.619
355	0.625
356	0.606
357	0.614
358	0.602
359	0.609
360	0.612
361	0.617
362	0.600
363	0.613
364	0.606
365	0.603
366	0.603
367	0.606
368	0.604
369	0.599
370	0.595
371	0.602
372	0.595
373	0.603
374	0.602
375	0.598
376	0.592
377	0.595
378	0.591
379	0.591
380	0.587
381	0.589
382	0.582
383	0.576
384	0.594
385	0.577
386	0.583
387	0.580
388	0.583
389	0.585
390	0.576
391	0.588
392	0.586
393	0.574
394	0.579
395	0.574
396	0.578
397	0.568
398	0.573
399	0.575
400	0.574
401	0.564
402	0.563
403	0.566
404	0.572
405	0.573
406	0.563
407	0.567
408	0.565
409	0.562
410	0.557
411	0.559
412	0.564
413	0.552
414	0.569
415	0.556
416	0.560
417	0.559
418	0.558
419	0.552
420	0.556
421	0.550
422	0.553
423	0.552
424	0.549
425	0.549
426	0.548
427	0.554
428	0.544
429	0.542
430	0.548
431	0.538
432	0.549
433	0.540
434	0.546
435	0.536
436	0.545
437	0.536
438	0.533
439	0.548
440	0.537
441	0.531
442	0.526
443	0.534
444	0.540
445	0.538
446	0.528
447	0.530
448	0.538
449	0.530
450	0.534
451	0.526
452	0.527
453	0.528
454	0.522
455	0.533
456	0.528
457	0.527
458	0.526
459	0.523
460	0.531
461	0.525
462	0.526
463	0.532
464	0.514
465	0.517
466	0.516
467	0.532
468	0.524
469	0.519
470	0.523
471	0.526
472	0.518
473	0.523
474	0.520
475	0.516
476	0.522
477	0.518
478	0.514
479	0.519
480	0.515
481	0.506
482	0.515
483	0.507
484	0.515
485	0.508
486	0.517
487	0.504
488	0.511
489	0.502
490	0.505
491	0.505
492	0.504
493	0.513
494	0.509
495	0.508
496	0.511
497	0.494
498	0.503
499	0.498
500	0.498
501	0.496
502	0.490
503	0.491
504	0.496
505	0.502
506	0.499
507	0.492
508	0.502
509	0.492
510	0.491
511	0.497
512	0.494
513	0.501
514	0.492
515	0.490
516	0.487
517	0.487
518	0.489
519	0.494
520	0.491
521	0.486
522	0.491
523	0.484
524	0.485
525	0.493
526	0.495
527	0.480
528	0.481
529	0.475
530	0.489
531	0.479
532	0.478
533	0.484
534	0.477
535	0.474
536	0.477
537	0.482
538	0.465
539	0.474
540	0.478
541	0.473
542	0.472
543	0.480
544	0.478
545	0.484
546	0.475
547	0.473
548	0.476
549	0.481
550	0.479
551	0.469
552	0.461
553	0.470
554	0.475
555	0.474
556	0.461
557	0.465
558	0.469
559	0.469
560	0.462
561	0.464
562	0.460
563	0.461
564	0.474
565	0.463
566	0.459
567	0.467
568	0.466
569	0.453
570	0.457
571	0.463
572	0.466
573	0.459
574	0.458
575	0.452
576	0.463
577	0.456
578	0.453
579	0.459
580	0.450
581	0.460
582	0.457
583	0.461
584	0.451
585	0.452
586	0.452
587	0.447
588	0.461
589	0.442
590	0.463
591	0.457
592	0.447
593	0.447
594	0.452
595	0.453
596	0.444
597	0.459
598	0.446
599	0.449
600	0.452
601	0.442
602	0.452
603	0.434
604	0.444
605	0.444
606	0.448
607	0.439
608	0.455
609	0.438
610	0.441
611	0.450
612	0.434
613	0.436
614	0.452
615	0.437
616	0.434
617	0.433
618	0.442
619	0.430
620	0.442
621	0.447
622	0.425
623	0.440
624	0.438
625	0.435
626	0.434
627	0.439
628	0.419
629	0.435
630	0.431
631	0.429
632	0.431
633	0.427
634	0.425
635	0.442
636	0.434
637	0.424
638	0.427
639	0.425
640	0.426
641	0.424
642	0.427
643	0.434
644	0.431
645	0.433
646	0.425
647	0.424
648	0.430
649	0.430
650	0.416
651	0.423
652	0.417
653	0.424
654	0.420
655	0.422
656	0.409
657	0.433
658	0.422
659	0.417
660	0.420
661	0.417
662	0.412
663	0.422
664	0.425
665	0.412
666	0.409
667	0.412
668	0.417
669	0.416
670	0.422
671	0.415
672	0.411
673	0.408
674	0.408
675	0.421
676	0.414
677	0.420
678	0.403
679	0.409
680	0.412
681	0.427
682	0.405
683	0.407
684	0.410
685	0.415
686	0.408
687	0.409
688	0.393
689	0.417
690	0.410
691	0.415
692	0.410
693	0.410
694	0.413
695	0.410
696	0.396
697	0.400
698	0.398
699	0.404
700	0.412
701	0.405
702	0.409
703	0.393
704	0.409
705	0.404
706	0.404
707	0.392
708	0.408
709	0.395
710	0.412
711	0.399
712	0.394
713	0.403
714	0.404
715	0.399
716	0.405
717	0.411
718	0.403
719	0.395
720	0.399
721	0.385
722	0.402
723	0.396
724	0.398
725	0.401
726	0.402
727	0.389
728	0.392
729	0.400
730	0.397
731	0.395
732	0.406
733	0.394
734	0.395
735	0.400
736	0.402
737	0.395
738	0.407
739	0.397
740	0.399
741	0.393
742	0.391
743	0.396
744	0.398
745	0.393
746	0.390
747	0.390
748	0.391
749	0.386
750	0.401
751	0.387
752	0.397
753	0.390
754	0.385
755	0.389
756	0.392
757	0.383
758	0.389
759	0.396
760	0.380
761	0.388
762	0.394
763	0.382
764	0.384
765	0.398
766	0.387
767	0.395
768	0.375
769	0.391
770	0.376
771	0.387
772	0.400
773	0.380
774	0.384
775	0.381
776	0.386
777	0.370
778	0.378
779	0.388
780	0.379
781	0.387
782	0.377
783	0.384
784	0.383
785	0.387
786	0.377
787	0.392
788	0.380
789	0.376
790	0.375
791	0.372
792	0.379
793	0.382
794	0.388
795	0.378
796	0.362
797	0.378
798	0.373
799	0.367
800	0.366
801	0.388
802	0.372
803	0.381
804	0.384
805	0.383
806	0.382
807	0.375
808	0.384
809	0.368
810	0.382
811	0.376
812	0.378
813	0.377
814	0.367
815	0.379
816	0.389
817	0.379
818	0.362
819	0.366
820	0.376
821	0.381
822	0.383
823	0.377
824	0.385
825	0.380
826	0.373
827	0.378
828	0.378
829	0.378
830	0.373
831	0.378
832	0.378
833	0.382
834	0.379
835	0.377
836	0.375
837	0.380
838	0.370
839	0.367
840	0.369
841	0.379
842	0.375
843	0.379
844	0.373
845	0.365
846	0.381
847	0.367
848	0.371
849	0.375
850	0.367
851	0.378
852	0.358
853	0.373
854	0.377
855	0.373
856	0.365
857	0.374
858	0.361
859	0.366
860	0.367
861	0.376
862	0.358
863	0.372
864	0.376
865	0.382
866	0.376
867	0.372
868	0.355
869	0.365
870	0.368
871	0.366
872	0.360
873	0.379
874	0.361
875	0.365
876	0.372
877	0.364
878	0.353
879	0.370
880	0.362
881	0.358
882	0.368
883	0.365
884	0.364
885	0.362
886	0.368
887	0.369
888	0.364
889	0.372
890	0.370
891	0.365
892	0.365
893	0.362
894	0.367
895	0.359
896	0.370
897	0.361
898	0.365
899	0.363
900	0.363
901	0.370
902	0.367
903	0.360
904	0.359
905	0.368
906	0.366
907	0.369
908	0.360
909	0.367
910	0.362
911	0.343
912	0.360
913	0.360
914	0.356
915	0.358
916	0.364
917	0.356
918	0.357
919	0.352
920	0.356
921	0.359
922	0.369
923	0.344
924	0.358
925	0.362
926	0.352
927	0.355
928	0.365
929	0.365
930	0.347
931	0.371
932	0.364
933	0.368
934	0.361
935	0.364
936	0.368
937	0.372
938	0.370
939	0.368
940	0.369
941	0.358
942	0.362
943	0.353
944	0.363
945	0.348
946	0.362
947	0.358
948	0.369
949	0.349
950	0.362
951	0.364
952	0.367
953	0.371
954	0.352
955	0.363
956	0.358
957	0.374
958	0.361
959	0.366
960	0.355
961	0.364
962	0.366
963	0.358
964	0.352
965	0.368
966	0.354
967	0.376
968	0.357
969	0.350
970	0.365
971	0.354
972	0.371
973	0.363
974	0.358
975	0.362
976	0.355
977	0.365
978	0.354
979	0.365
980	0.365
981	0.362
982	0.363
983	0.364
984	0.370
985	0.350
986	0.373
987	0.353
988	0.359
989	0.366
990	0.360
991	0.353
992	0.363
993	0.359
994	0.352
995	0.364
996	0.360
997	0.375
998	0.361
999	0.353
1000	0.367
1001	0.361
1002	0.360
1003	0.362
